original_cfs,true_cf,improved_cfs,feasible_cf,graph_idx
B#B=[Ca]1[H]F(#P)[Ca](#[Ca])[Ca]([Ca]=B2#[Ca]3[Ca]4#B[Ca](BP=B4[CaH])B(B[Ca](#P)[Ca]B(B)#B[CaH])B(#[Ca])B#B(#[Ca](B)[Ca]4#[Ca][Ca]#B[Ca]#B4)[Ca](#B)=[Ca]B(#P(#[Ca])[CaH])[Ca]3#[Ca]=B(B)#[Ca]2)[Ca]1,True,B#B=[Ca]1[H]F(#P)[Ca](#[Ca])[Ca]([Ca]=B2#[Ca]3[Ca]4#B[Ca](BP=B4[CaH])B(B[Ca](#P)[Ca]B(B)#B[CaH])B(#[Ca])B#B(#[Ca](B)[Ca]4#[Ca][Ca]#B[Ca]#B4)[Ca](#B)=[Ca]B(#P(#[Ca])[CaH])[Ca]3#[Ca]=B(B)#[Ca]2)[Ca]1,False,385
CCNCC(O)c1cccc(O)c1,True,CCNCC(O)c1cccc(O)c1,False,463
C[C@@H](O)[C@@H]1[C@H]2SC(=C(N2C1=O)C(O)=O)[C@H]3CCCO3,True,C[C@@H](O)[C@@H]1[C@H]2SC(=C(N2C1=O)C(O)=O)[C@H]3CCCO3,False,265
[H]F(#P)B(#[Ca])[Ca](B)B=B1#B([Ca](B=[Ca])#[Ca][Ca]BB[Ca](#B)[Ca]B(B)#B[CaH])[Ca](B[Ca]=[Ca](#B)B#[Ca](B)[Ca]2#[Ca][Ca]#[Ca][Ca]#[Ca]2)#[Ca]B(B)#[Ca]1,True,[H]F(#P)B(#[Ca])[Ca](B)B=B1#B([Ca](B=[Ca])#[Ca][Ca]BB[Ca](#B)[Ca]B(B)#B[CaH])[Ca](B[Ca]=[Ca](#B)B#[Ca](B)[Ca]2#[Ca][Ca]#[Ca][Ca]#[Ca]2)#[Ca]B(B)#[Ca]1,False,830
C1=CC2=C(C=C1)C3=NC(=O)CN=C3C4=CC=CC=C4C2,True,C1=CC2=C(C=C1)C3=NC(=O)CN=C3C4=CC=CC=C4C2,True,1214
[H]F(#P)[Ca](#B)[Ca]([CaH])B=B1#B2[Ca](B[CaH])#B[Ca](B)B3B[Ca](#P)[Ca]B(B)#B[Ca][Ca][Ca]4#[Ca][Ca]#[Ca](B#[Ca]4)[Ca](B)#B(#BB3#[Ca])[Ca](#B)=[Ca]B[Ca]2#[Ca]=B(B)#[Ca]1,True,[H]F(#P)[Ca](#B)[Ca]([CaH])B=B1#B2[Ca](B[CaH])#B[Ca](B)B3B[Ca](#P)[Ca]B(B)#B[Ca][Ca][Ca]4#[Ca][Ca]#[Ca](B#[Ca]4)[Ca](B)#B(#BB3#[Ca])[Ca](#B)=[Ca]B[Ca]2#[Ca]=B(B)#[Ca]1,False,109
CCC1CC(N(C)C1)C(=O)NC(C(C)O)C2OC(SC)C(O)C(O)C2O,True,CCC1CC(N(C)C1)C(=O)NC(C(C)O)C2OC(SC)C(O)C(O)C2O,False,270
[H]=[Ca]1#B=[Ca]2#[Ca][Ca]#[Ca]1[Ca][Ca]B#B(B)[Ca][Ca](#B)BB1B(#[Ca])[Ca]#B(#[Ca]2B)[Ca](#B)=[Ca]B(=[PH](#[Ca])[CaH])[Ca]2#[Ca]=B(B)#[Ca]B(=B[Ca]3[Ca][Ca](=B#B)[H]([CaH])F(#P)[Ca]3#B)#B2[Ca]2#[Ca][Ca]1B[Ca]=B2[CaH],True,[H]=[Ca]1#B=[Ca]2#[Ca][Ca]#[Ca]1[Ca][Ca]B#B(B)[Ca][Ca](#B)BB1B(#[Ca])[Ca]#B(#[Ca]2B)[Ca](#B)=[Ca]B(=[PH](#[Ca])[CaH])[Ca]2#[Ca]=B(B)#[Ca]B(=B[Ca]3[Ca][Ca](=B#B)[H]([CaH])F(#P)[Ca]3#B)#B2[Ca]2#[Ca][Ca]1B[Ca]=B2[CaH],False,1725
C1C2C3C4C5C6C7C8C9C%10C%11C%12C%13C%14C%15C%16C%17C%18C%19C%20C%21C%22C%23C%24C%25C%26C%27C%28C%29C%30C%31C%32C%33C%34C%35C%36C%37C%38C%39C%40C%41C%42C%43C%44C%45C%46C%47C%48C%49C%50C%51C%52C%53C%54C%55C%56C%57C%58C%59C%60C%61C%62C%63C%64C%65C%66C%67C%68C%69C%70C%71C%72C%73C%74C%75C%76C%77C%78C%79C%80C%81C%82C%83C%84C%85C%86C%87C%88C%89C%90C%91C%92C%93C%94C%95C%96C%97C%98C%99C100C101C102C103C104C105C106C107C108C109C110C111C112C113C114C115C116C117C118C119C120C121C122C123C124C125C126C127C128C129C130C131C132,True,C1C2C3C4C5C6C7C8C9C%10C%11C%12C%13C%14C%15C%16C%17C%18C%19C%20C%21C%22C%23C%24C%25C%26C%27C%28C%29C%30C%31C%32C%33C%34C%35C%36C%37C%38C%39C%40C%41C%42C%43C%44C%45C%46C%47C%48C%49C%50C%51C%52C%53C%54C%55C%56C%57C%58C%59C%60C%61C%62C%63C%64C%65C%66C%67C%68C%69C%70C%71C%72C%73C%74C%75C%76C%77C%78C%79C%80C%81C%82C%83C%84C%85C%86C%87C%88C%89C%90C%91C%92C%93C%94C%95C%96C%97C%98C%99C100C101C102C103C104C105C106C107C108C109C110C111C112C113C114C115C116C117C118C119C120C121C122C123C124C125C126C127C128C129C130C131C132,False,220
CC12#C3C#1N3145CN13C1#N6#C789#C%10(C7N%107C%10CO%10%11O%10C%12#CBr%124(C)C84(#F2(FO(#F)BCP)F4)O%107%11)C16395,True,CC12#C3C#1N3145CN13C1#N6#C789#C%10(C7N%107C%10CO%10%11O%10C%12#CBr%124(C)C84(#F2(FO(#F)BCP)F4)O%107%11)C16395,False,252
F[P+](F)(F)(F)(F)F.[Ca++]B1B2B3B4B5B6B7B8B9B%10B%11B%12B%13B%14B%15B%16B%17B%18B%19B%20B%21B%22B%23B%24B%25B%26B%27B%28B%29B%30B%31B%32B%33B%34B%35B%36B%37B%38B%39B%40B%41B%42B%43B%44B%45B%46B%47B%48B%49B%50B%51B%52B%53B%54B%55B%56B%57B%58B%59B%60B%61B%62B%63B%64B%65B%66B%67B%68B%69B%70B%71B%72B%73B%74B%75B%76B%77B%78B%79B%80B%81B%82B%83B%84B%85B%86B%87B%88B%89B%90B%91B%92B%93B%94B%95B%96B%97B%98B%99B%100B%101B%102B%103B%104B%105B%106B%107B%108B%109B%110B%111B%112B%113B%114B%115B%116B%117B%118B%119B%120B%121B%122B%123B%124B%125B%126B%127B%128B%129B%130B%131B%132,True,F[P+](F)(F)(F)(F)F.[Ca++]B1B2B3B4B5B6B7B8B9B%10B%11B%12B%13B%14B%15B%16B%17B%18B%19B%20B%21B%22B%23B%24B%25B%26B%27B%28B%29B%30B%31B%32B%33B%34B%35B%36B%37B%38B%39B%40B%41B%42B%43B%44B%45B%46B%47B%48B%49B%50B%51B%52B%53B%54B%55B%56B%57B%58B%59B%60B%61B%62B%63B%64B%65B%66B%67B%68B%69B%70B%71B%72B%73B%74B%75B%76B%77B%78B%79B%80B%81B%82B%83B%84B%85B%86B%87B%88B%89B%90B%91B%92B%93B%94B%95B%96B%97B%98B%99B%100B%101B%102B%103B%104B%105B%106B%107B%108B%109B%110B%111B%112B%113B%114B%115B%116B%117B%118B%119B%120B%121B%122B%123B%124B%125B%126B%127B%128B%129B%130B%131B%132,False,1830
F[P]CaCaB=BCaCaCaB=B1Ca2Ca3CaCaBPCaCaB3BCaCaB(B)CaCaCaCaCa4CaCaCaBPCa(B)CaCa2CaB1,True,F[P]CaCaB=BCaCaCaB=B1Ca2Ca3CaCaBPCaCaB3BCaCaB(B)CaCaCaCaCa4CaCaCaBPCa(B)CaCa2CaB1,False,1042
CBrC#COOCCNC1CNC2(C#CCl)F2FOBPCPFOOC,True,CBrC#COOCCNC1CNC2(C#CCl)F2FOBPCPFOOC,False,436
B#[Ca]1[Ca]B[Ca]2#[Ca]=B(B)#[Ca]B(=B[Ca]3B[PH](=B=B)[H]F(#P)B3#[Ca])#[Ca]2[Ca](B[CaH])#[Ca][Ca](B)B2BP(#P)[Ca]B(B)#B[Ca]P[Ca]3#[Ca][Ca]#[Ca](=B#[Ca]3=B)[Ca](B)#B1#BB2#[Ca],True,B#[Ca]1[Ca]B[Ca]2#[Ca]=B(B)#[Ca]B(=B[Ca]3B[PH](=B=B)[H]F(#P)B3#[Ca])#[Ca]2[Ca](B[CaH])#[Ca][Ca](B)B2BP(#P)[Ca]B(B)#B[Ca]P[Ca]3#[Ca][Ca]#[Ca](=B#[Ca]3=B)[Ca](B)#B1#BB2#[Ca],False,361
[H]F(=P)[Ca](#B)B(B)B=B1#[Ca]2[Ca]3#[Ca][Ca](B[Ca]=B3[CaH])B(B#[Ca])B[Ca][Ca]B(B)#B[Ca][Ca][Ca]3#[Ca][Ca]#[Ca](B#[Ca]3)[Ca](B)#B[Ca](#B)=[Ca]B(#[Ca](#[Ca])[CaH])[Ca]2#[Ca]B(B)#[Ca]1,True,[H]F(=P)[Ca](#B)B(B)B=B1#[Ca]2[Ca]3#[Ca][Ca](B[Ca]=B3[CaH])B(B#[Ca])B[Ca][Ca]B(B)#B[Ca][Ca][Ca]3#[Ca][Ca]#[Ca](B#[Ca]3)[Ca](B)#B[Ca](#B)=[Ca]B(#[Ca](#[Ca])[CaH])[Ca]2#[Ca]B(B)#[Ca]1,False,1985
[H]F(#P)[Ca](#B)B(B)B=B1#[Ca]([Ca](B=[Ca])#[Ca][Ca](B)B(B#[Ca])B[Ca](#B)[Ca]B(B)#B[CaH])[Ca](B[Ca]=[Ca](#B)B#[Ca](B)[Ca]2#[Ca][Ca]#[Ca][Ca]#B2)#[Ca]B(B)#[Ca]1,True,[H]F(#P)[Ca](#B)B(B)B=B1#[Ca]([Ca](B=[Ca])#[Ca][Ca](B)B(B#[Ca])B[Ca](#B)[Ca]B(B)#B[CaH])[Ca](B[Ca]=[Ca](#B)B#[Ca](B)[Ca]2#[Ca][Ca]#[Ca][Ca]#B2)#[Ca]B(B)#[Ca]1,False,168
CC1=CC#N=C1N2C3C4N5C3C2N4C5#N6#C7(C8N%107C%10CO%10%11O%10N%12#CBr%124(C)P84(#F2(FO(#F)BCP)F4)O%107%11)C16395,True,CC1=CC#N=C1N2C3C4N5C3C2N4C5#N6#C7(C8N%107C%10CO%10%11O%10N%12#CBr%124(C)P84(#F2(FO(#F)BCP)F4)O%107%11)C16395,False,563
CC1C=CC=C(C(=O)NC2=C(C3=C(C(=C4C(=C3C(=O)C2=CNN5CCN(CC5)C)C(=O)C(O4)(OC=CC(C(C(C(C(C(C1O)C)O)C)OC(=O)C)C)OC)C)C)O)O)C,True,CC1C=CC=C(C(=O)NC2=C(C3=C(C(=C4C(=C3C(=O)C2=CNN5CCN(CC5)C)C(=O)C(O4)(OC=CC(C(C(C(C(C(C1O)C)O)C)OC(=O)C)C)OC)C)C)O)O)C,False,123
[H]F(=P)[Ca](#B)[Ca]([CaH])B=B1#B2[Ca](B[CaH])#B[Ca](B)B3B[Ca](#B)[Ca]B(B)#B[Ca][Ca][Ca]4#[Ca][Ca]#[Ca](B#[Ca]4)[Ca](B)#B(#BB3#[Ca])[Ca](#B)[Ca]B[Ca]2#[Ca]B(B)#[Ca]1,True,[H]F(=P)[Ca](#B)[Ca]([CaH])B=B1#B2[Ca](B[CaH])#B[Ca](B)B3B[Ca](#B)[Ca]B(B)#B[Ca][Ca][Ca]4#[Ca][Ca]#[Ca](B#[Ca]4)[Ca](B)#B(#BB3#[Ca])[Ca](#B)[Ca]B[Ca]2#[Ca]B(B)#[Ca]1,False,79
F[P](=F)CaB([CaH])B=B1#B([Ca](B[CaH])#[Ca][Ca](B)B(B#[Ca])B[Ca](#B)[Ca]B(B)#B[CaH])[Ca](B[Ca][Ca](#B)B#[Ca](B)[Ca]2#[Ca][Ca]#[Ca][Ca]#B2)#[Ca]B(B)#[Ca]1,True,F[P](=F)CaB([CaH])B=B1#B([Ca](B[CaH])#[Ca][Ca](B)B(B#[Ca])B[Ca](#B)[Ca]B(B)#B[CaH])[Ca](B[Ca][Ca](#B)B#[Ca](B)[Ca]2#[Ca][Ca]#[Ca][Ca]#B2)#[Ca]B(B)#[Ca]1,False,324
CBrC#COOOCNCCNCNCNC#CC#N#CN(C#C(Cl)(C%11)F2(FF(#F)BCP)#P3F2)C%10C%11C%12%13C%14%15%16%17,True,CBrC#COOOCNCCNCNCNC#CC#N#CN(C#C(Cl)(C%11)F2(FF(#F)BCP)#P3F2)C%10C%11C%12%13C%14%15%16%17,False,459
B#B=[Ca]1[H]F(#P)[Ca](#[Ca])B(B=B2#[Ca]3[Ca](B[CaH])#[Ca][Ca](B)B(B[Ca](#B)[Ca]B(B)#B[CaH])B(#[Ca])B#B(#[Ca](B)[Ca]4#[Ca][Ca]#B[Ca]#B4)[Ca](#B)=[Ca]B[Ca]3#[Ca]=B(B)#[Ca]2)B1,True,B#B=[Ca]1[H]F(#P)[Ca](#[Ca])B(B=B2#[Ca]3[Ca](B[CaH])#[Ca][Ca](B)B(B[Ca](#B)[Ca]B(B)#B[CaH])B(#[Ca])B#B(#[Ca](B)[Ca]4#[Ca][Ca]#B[Ca]#B4)[Ca](#B)=[Ca]B[Ca]3#[Ca]=B(B)#[Ca]2)B1,False,282
CC1#C2C#1C2134SN1C1#N5=C678#C%9(C6N%9C6CO6%9O6N%10#CC%113(C)N73(#C1(FO(#O)BNP)F3)O6%9)C12485,True,CC1#C2C#1C2134SN1C1#N5=C678#C%9(C6N%9C6CO6%9O6N%10#CC%113(C)N73(#C1(FO(#O)BNP)F3)O6%9)C12485,False,1624
[H]F(#P)[Ca](#B)[Ca](B)B=B1#[Ca]2[Ca](#[Ca]B(B)#[Ca]1)B(#[Ca](=[Ca])#[Ca])[Ca]=[Ca](#B)B1#[Ca]B(#[Ca])B(B[Ca][Ca]B(B)#[Ca][Ca][Ca][Ca]3#[Ca][Ca]#[Ca](=B#[Ca]3)[Ca]#1B)[Ca]1B[Ca]#B(=[Ca])[Ca]2#[Ca]1,True,[H]F(#P)[Ca](#B)[Ca](B)B=B1#[Ca]2[Ca](#[Ca]B(B)#[Ca]1)B(#[Ca](=[Ca])#[Ca])[Ca]=[Ca](#B)B1#[Ca]B(#[Ca])B(B[Ca][Ca]B(B)#[Ca][Ca][Ca][Ca]3#[Ca][Ca]#[Ca](=B#[Ca]3)[Ca]#1B)[Ca]1B[Ca]#B(=[Ca])[Ca]2#[Ca]1,False,222
[H]F(#P)[Ca][Ca]([CaH])B=B1#B([Ca](B[CaH])#[Ca][Ca](B)B(B#[Ca])B[Ca](#B)[Ca]B(B)#B[CaH])[Ca](B[Ca]=[Ca](#B)B#[Ca](B)[Ca]2#[Ca][Ca]#[Ca][Ca]#B2)#[Ca]=B(B)#[Ca]1,True,[H]F(#P)[Ca][Ca]([CaH])B=B1#B([Ca](B[CaH])#[Ca][Ca](B)B(B#[Ca])B[Ca](#B)[Ca]B(B)#B[CaH])[Ca](B[Ca]=[Ca](#B)B#[Ca](B)[Ca]2#[Ca][Ca]#[Ca][Ca]#B2)#[Ca]=B(B)#[Ca]1,False,403
[H]F(#P)[Ca](#B)B([CaH])B=B1#[Ca]2[Ca]3#[Ca]B(B[Ca]=B3[CaH])B(B#[Ca])B[Ca](#B)[Ca]B(B)#[Ca][Ca][Ca][Ca]3#[Ca][Ca]#B(B#[Ca]3)[Ca](B)#B[Ca](#B)=[Ca]B(#P(=[Ca])#[Ca])[Ca]2#[Ca]B(B)#[Ca]1,True,[H]F(#P)[Ca](#B)B([CaH])B=B1#[Ca]2[Ca]3#[Ca]B(B[Ca]=B3[CaH])B(B#[Ca])B[Ca](#B)[Ca]B(B)#[Ca][Ca][Ca][Ca]3#[Ca][Ca]#B(B#[Ca]3)[Ca](B)#B[Ca](#B)=[Ca]B(#P(=[Ca])#[Ca])[Ca]2#[Ca]B(B)#[Ca]1,False,344
CC12#C3C#1N3145CN13C1#N6#C789#C%10(C7N%107C%10CO%10%11O%10C%12#CBr%124(C)P84(#F2(FO(#F)BCP)F4)O%107%11)C16395,True,CC12#C3C#1N3145CN13C1#N6#C789#C%10(C7N%107C%10CO%10%11O%10C%12#CBr%124(C)P84(#F2(FO(#F)BCP)F4)O%107%11)C16395,False,231
F[P](=F)[Ca](#B)[Ca]([CaH])B=B1#B2[Ca](#[Ca]B(B)#[Ca]1)B[Ca][Ca](#B)B#[Ca](B)[Ca]1#[Ca][Ca]#[Ca]([Ca][Ca]B#B(B)[Ca][Ca](#B)BB(B#[Ca])[Ca]3B[Ca]=B([CaH])[Ca]2#[Ca]3)[Ca]#B1,True,F[P](=F)[Ca](#B)[Ca]([CaH])B=B1#B2[Ca](#[Ca]B(B)#[Ca]1)B[Ca][Ca](#B)B#[Ca](B)[Ca]1#[Ca][Ca]#[Ca]([Ca][Ca]B#B(B)[Ca][Ca](#B)BB(B#[Ca])[Ca]3B[Ca]=B([CaH])[Ca]2#[Ca]3)[Ca]#B1,False,1943
[H]F(#P)[Ca](#B)[Ca]([CaH])B=B1#B2[Ca]3#B[Ca](B[Ca]=B3[CaH])B3B[Ca](#P)[Ca]B(B)#B[Ca][Ca][Ca]4#[Ca][Ca]#[Ca](=B#[Ca]4)[Ca](B)#B(#BB3#[Ca])[Ca](#B)=[Ca]B(=[PH](#[Ca])[CaH])[Ca]2#[Ca]=B(B)#[Ca]1,True,[H]F(#P)[Ca](#B)[Ca]([CaH])B=B1#B2[Ca]3#B[Ca](B[Ca]=B3[CaH])B3B[Ca](#P)[Ca]B(B)#B[Ca][Ca][Ca]4#[Ca][Ca]#[Ca](=B#[Ca]4)[Ca](B)#B(#BB3#[Ca])[Ca](#B)=[Ca]B(=[PH](#[Ca])[CaH])[Ca]2#[Ca]=B(B)#[Ca]1,False,214
[H]F(=P)[Ca][Ca]([CaH])B=B1#B([Ca](B[CaH])#[Ca][Ca](B)BB[Ca](#B)[Ca]B(B)#B[CaH])[Ca](B[Ca]=[Ca](#B)B#[Ca](B)[Ca]2#[Ca][Ca]#[Ca][Ca]#B2)#[Ca]B(B)#[Ca]1,True,[H]F(=P)[Ca][Ca]([CaH])B=B1#B([Ca](B[CaH])#[Ca][Ca](B)BB[Ca](#B)[Ca]B(B)#B[CaH])[Ca](B[Ca]=[Ca](#B)B#[Ca](B)[Ca]2#[Ca][Ca]#[Ca][Ca]#B2)#[Ca]B(B)#[Ca]1,False,1520
CC12#C3C#1N3145CN13C1#N6#C789#C%10(C7N%107C%10CO%10%11O%10C%12#CBr%124(C)P84(#F2(FO(#F)BCP)F4)O%107%11)C16395,True,CC12#C3C#1N3145CN13C1#N6#C789#C%10(C7N%107C%10CO%10%11O%10C%12#CBr%124(C)P84(#F2(FO(#F)BCP)F4)O%107%11)C16395,False,1851
[H]F(#P)[Ca](#[Ca])[Ca]([CaH])B=B1#B([Ca](#B[Ca](B)B(B#[Ca])B[Ca](#[Ca])[Ca]B(B)#B[CaH])B[CaH])[Ca](B[Ca][Ca](#B)B#[Ca](B)[Ca]2#[Ca][Ca]#[Ca][Ca]#B2)#[Ca]B(B)#[Ca]1,True,[H]F(#P)[Ca](#[Ca])[Ca]([CaH])B=B1#B([Ca](#B[Ca](B)B(B#[Ca])B[Ca](#[Ca])[Ca]B(B)#B[CaH])B[CaH])[Ca](B[Ca][Ca](#B)B#[Ca](B)[Ca]2#[Ca][Ca]#[Ca][Ca]#B2)#[Ca]B(B)#[Ca]1,False,181
[H]F(#P)[Ca](#B)[Ca](B)B=B1#B2[Ca]3#[Ca][Ca](B[Ca]=B3[CaH])B3B[Ca](#B)[Ca]B(B)#B[Ca][Ca][Ca]4#[Ca][Ca]#[Ca](B#[Ca]4)[Ca](B)#B(#BB3#[Ca])[Ca](#B)=[Ca]B(#P(=[Ca])#[Ca])[Ca]2#[Ca]=B(B)#[Ca]1,True,[H]F(#P)[Ca](#B)[Ca](B)B=B1#B2[Ca]3#[Ca][Ca](B[Ca]=B3[CaH])B3B[Ca](#B)[Ca]B(B)#B[Ca][Ca][Ca]4#[Ca][Ca]#[Ca](B#[Ca]4)[Ca](B)#B(#BB3#[Ca])[Ca](#B)=[Ca]B(#P(=[Ca])#[Ca])[Ca]2#[Ca]=B(B)#[Ca]1,False,327
CBrC#COC1O4CC4N4C7C4C7C4N4C4C2C(Cl)C2F2FOFBCPFOC1C8,True,CBrC#COC1O4CC4N4C7C4C7C4N4C4C2C(Cl)C2F2FOFBCPFOC1C8,False,142
B#[Ca]([CaH])BB(B#[Ca])[Ca](B)[Ca]#[Ca]B1#B[Ca]#B(B)[Ca]#[Ca]1B[Ca]=[Ca](#B)B#[Ca](B)[Ca]1#[Ca][Ca]#[Ca][Ca]#B=1,True,B#[Ca]([CaH])BB(B#[Ca])[Ca](B)[Ca]#[Ca]B1#B[Ca]#B(B)[Ca]#[Ca]1B[Ca]=[Ca](#B)B#[Ca](B)[Ca]1#[Ca][Ca]#[Ca][Ca]#B=1,False,307
[H]F(#P)[Ca](#B)B([CaH])B=B1#[Ca]2[Ca]3#B[Ca](B[Ca]=B3[CaH])B3B[Ca](#P)[Ca]B(B)#B[Ca]P[Ca]4#[Ca][Ca]#[Ca](B#[Ca]4)[Ca](B)#B(#[Ca]B3#[Ca])[Ca](#B)=[Ca]B(#P(=[Ca])#[Ca])[Ca]2#[Ca]B(B)#[Ca]1,True,[H]F(#P)[Ca](#B)B([CaH])B=B1#[Ca]2[Ca]3#B[Ca](B[Ca]=B3[CaH])B3B[Ca](#P)[Ca]B(B)#B[Ca]P[Ca]4#[Ca][Ca]#[Ca](B#[Ca]4)[Ca](B)#B(#[Ca]B3#[Ca])[Ca](#B)=[Ca]B(#P(=[Ca])#[Ca])[Ca]2#[Ca]B(B)#[Ca]1,False,13
CCN(CC)CCOC(=O)C1(CCCCC1)C2CCCCC2,True,CCN(CC)CCOC(=O)C1(CCCCC1)C2CCCCC2,False,433
B#[Ca]1BB2B(#[Ca])[Ca]#B(#[Ca](B)[Ca]3#[Ca][Ca]#[Ca](P[Ca]B#B(B)[Ca]1)[Ca]#B3)[Ca](#B)=[Ca]B(=[PH](#[Ca])[CaH])B1#[Ca]=B(B)#[PH]B(=BB3[Ca][Ca](=B=B)[H](B)F(#P)[Ca]3#B)#B1[Ca]1#B[Ca]2BP=B1[CaH],True,B#[Ca]1BB2B(#[Ca])[Ca]#B(#[Ca](B)[Ca]3#[Ca][Ca]#[Ca](P[Ca]B#B(B)[Ca]1)[Ca]#B3)[Ca](#B)=[Ca]B(=[PH](#[Ca])[CaH])B1#[Ca]=B(B)#[PH]B(=BB3[Ca][Ca](=B=B)[H](B)F(#P)[Ca]3#B)#B1[Ca]1#B[Ca]2BP=B1[CaH],False,1277
[H]F(#P)[Ca](#B)[Ca](B)B=B1#B([Ca](#B[Ca](B)B(B#[Ca])B[Ca](#B)[Ca]B(B)#B[CaH])B[CaH])[Ca](B[Ca]=[Ca](#B)B#[Ca](B)[Ca]2#[Ca][Ca]#[Ca][Ca]#B=2)#[Ca]=B(B)#[Ca]1,True,[H]F(#P)[Ca](#B)[Ca](B)B=B1#B([Ca](#B[Ca](B)B(B#[Ca])B[Ca](#B)[Ca]B(B)#B[CaH])B[CaH])[Ca](B[Ca]=[Ca](#B)B#[Ca](B)[Ca]2#[Ca][Ca]#[Ca][Ca]#B=2)#[Ca]=B(B)#[Ca]1,False,115
[H]F(=P)[Ca](#B)B(B)B=B1#B([Ca](B[CaH])#[Ca][Ca](B)BB[Ca](#B)[Ca]B(B)#B[CaH])[Ca](B[Ca][Ca](#B)B#[Ca](B)[Ca]2#[Ca][Ca]#[Ca][Ca]#B2)#[Ca]B(B)#[Ca]1,True,[H]F(=P)[Ca](#B)B(B)B=B1#B([Ca](B[CaH])#[Ca][Ca](B)BB[Ca](#B)[Ca]B(B)#B[CaH])[Ca](B[Ca][Ca](#B)B#[Ca](B)[Ca]2#[Ca][Ca]#[Ca][Ca]#B2)#[Ca]B(B)#[Ca]1,False,83
F[Ca]([CaH])B=B1#B2[Ca]3#B[Ca](B[Ca]=B3[CaH])B3B[Ca](#B)[Ca]B(B)#B[Ca][Ca][Ca]4#[Ca][Ca]#[Ca](B#[Ca]4)[Ca](B)#B(#BB3#[Ca])[Ca](#B)=[Ca]B(=[PH](#[Ca])[CaH])[Ca]2#[Ca]=B(B)#[Ca]1,True,F[Ca]([CaH])B=B1#B2[Ca]3#B[Ca](B[Ca]=B3[CaH])B3B[Ca](#B)[Ca]B(B)#B[Ca][Ca][Ca]4#[Ca][Ca]#[Ca](B#[Ca]4)[Ca](B)#B(#BB3#[Ca])[Ca](#B)=[Ca]B(=[PH](#[Ca])[CaH])[Ca]2#[Ca]=B(B)#[Ca]1,False,326
[H]F(#P)[Ca](#B)B([CaH])B=B1#B2[Ca]3#B[Ca](B[Ca]=B3[CaH])B(B#[Ca])B[Ca](#B)[Ca]B(B)#B[Ca][Ca][Ca]3#[Ca][Ca]#[Ca](B#[Ca]3)[Ca](B)#B[Ca](#B)=[Ca]B(=[PH](#[Ca])[CaH])[Ca]2#[Ca]B(B)#[Ca]1,True,[H]F(#P)[Ca](#B)B([CaH])B=B1#B2[Ca]3#B[Ca](B[Ca]=B3[CaH])B(B#[Ca])B[Ca](#B)[Ca]B(B)#B[Ca][Ca][Ca]3#[Ca][Ca]#[Ca](B#[Ca]3)[Ca](B)#B[Ca](#B)=[Ca]B(=[PH](#[Ca])[CaH])[Ca]2#[Ca]B(B)#[Ca]1,False,396
CC12#C3C#1N3145CN13C1#N6#C789#C%10(C7N%107C%10CO%10%11O%10C%12#CBr%124(C)P84(#F2(FO(#F)BCP)F4)O%107%11)C16395,True,CC12#C3C#1N3145CN13C1#N6#C789#C%10(C7N%107C%10CO%10%11O%10C%12#CBr%124(C)P84(#F2(FO(#F)BCP)F4)O%107%11)C16395,False,648
B#[Ca]1=[Ca]B[Ca]2#[Ca]=B(B)#[Ca]B#B2[Ca](B[CaH])#B[Ca](B)B(B#[Ca])B[Ca](#P)[Ca]B(B)#B[Ca]PB2#[Ca]B#[Ca](B#[Ca]2)[Ca](B)#B1,True,B#[Ca]1=[Ca]B[Ca]2#[Ca]=B(B)#[Ca]B#B2[Ca](B[CaH])#B[Ca](B)B(B#[Ca])B[Ca](#P)[Ca]B(B)#B[Ca]PB2#[Ca]B#[Ca](B#[Ca]2)[Ca](B)#B1,False,408
F[P]CaCaCaCaB=B1#B2Ca3#CaCaB=Ca=CaB(Ca=Ca)=B(B#Ca)BCaCaCa(B)CaCaCaCa(B)CaCaCaCa3#CaCa#Ca(B#Ca3)Ca(B)#BCa(#B)=CaB(P(=Ca)#Ca)Ca2#CaB(B)#Ca1,True,F[P]CaCaCaCaB=B1#B2Ca3#CaCaB=Ca=CaB(Ca=Ca)=B(B#Ca)BCaCaCa(B)CaCaCaCa(B)CaCaCaCa3#CaCa#Ca(B#Ca3)Ca(B)#BCa(#B)=CaB(P(=Ca)#Ca)Ca2#CaB(B)#Ca1,False,122
[H]F(#P)[Ca](#[Ca])[Ca](B)B=B1#B([Ca](B[CaH])#[Ca][Ca](B)B(B#[Ca])B[Ca](#B)[Ca]B(B)#B[CaH])[Ca](B[Ca]=[Ca](#B)B#[Ca](B)[Ca]2#[Ca][Ca]#B[Ca]#B2)#[Ca]=B(B)#[Ca]1,True,[H]F(#P)[Ca](#[Ca])[Ca](B)B=B1#B([Ca](B[CaH])#[Ca][Ca](B)B(B#[Ca])B[Ca](#B)[Ca]B(B)#B[CaH])[Ca](B[Ca]=[Ca](#B)B#[Ca](B)[Ca]2#[Ca][Ca]#B[Ca]#B2)#[Ca]=B(B)#[Ca]1,False,295
CNCCC=C1c2ccccc2CCc3ccccc13,True,CNCCC=C1c2ccccc2CCc3ccccc13,True,199
B#[Ca](B#[Ca](B)[Ca]1#[Ca][Ca]#[Ca][Ca]#B1)[Ca]B[Ca]1#[Ca]B(B)#[Ca]B#B1[Ca](B[CaH])#[Ca][Ca](B)BB[Ca](#B)[Ca]B(B)#B[CaH],True,B#[Ca](B#[Ca](B)[Ca]1#[Ca][Ca]#[Ca][Ca]#B1)[Ca]B[Ca]1#[Ca]B(B)#[Ca]B#B1[Ca](B[CaH])#[Ca][Ca](B)BB[Ca](#B)[Ca]B(B)#B[CaH],False,124
[H]F(#P)[Ca](#B)[Ca](B)B=B1#B([Ca](B[CaH])#[Ca][Ca](B)B(B#[Ca])B[Ca](#B)[Ca]B(B)#B[CaH])[Ca](B[Ca]=[Ca](#B)B#[Ca](B)[Ca]2#[Ca][Ca]#[Ca][Ca]#B=2)#[Ca]=B(B)#[Ca]1,True,[H]F(#P)[Ca](#B)[Ca](B)B=B1#B([Ca](B[CaH])#[Ca][Ca](B)B(B#[Ca])B[Ca](#B)[Ca]B(B)#B[CaH])[Ca](B[Ca]=[Ca](#B)B#[Ca](B)[Ca]2#[Ca][Ca]#[Ca][Ca]#B=2)#[Ca]=B(B)#[Ca]1,False,224
B#[Ca]([CaH])BB[Ca](B)[Ca]#[Ca]B1#B[Ca]#B(B)[Ca]#[Ca]1B[Ca][Ca](#B)B#[Ca](B)[Ca]1#[Ca][Ca]#B[Ca]#B1,True,B#[Ca]([CaH])BB[Ca](B)[Ca]#[Ca]B1#B[Ca]#B(B)[Ca]#[Ca]1B[Ca][Ca](#B)B#[Ca](B)[Ca]1#[Ca][Ca]#B[Ca]#B1,False,261
CBrC1C2C3C4C5C6C7C8C9C%10C%11C%12C%13C%14C%15C%16C%17C%18C%19C%20C%21C%22C%23C%24C%25C%26C%27C%28C%29C%30C%31C%32C%33C%34C%35C%36C%37C%38C%39C%40C%41C%42C%43C%44C%45C%46C%47C%48C%49C%50C%51C%52C%53C%54C%55C%56C%57C%58C%59C%60C%61C%62C%63C%64C%65C%66C%67C%68C%69C%70C%71C%72C%73C%74C%75C%76C%77C%78C%79C%80C%81C%82C%83C%84C%85C%86C%87C%88C%89C%90C%91C%92C%93C%94C%95C%96C%97C%98C%99C100C101C102C103C104C105C106C107C108C109C110C111C112C113C114C115C116C117C118C119C120C121C122C123C124C125C126C127C128C129C130C131C132O1O2O3O4O5O6O7O8O9O%10O%11O%12O%13O%14O%15O%16O%17O%18O%19O%20O%21O%22O%23O%24O%25O%26O%27O%28O%29O%30O%31O%32O%33O%34O%35O%36O%37O%38O%39O%40O%41O%42O%43O%44O%45O%46O%47O%48O%49O%50O%51O%52O%53O%54O%55O%56O%57O%58O%59O%60O%61O%62O%63O%64O%65O%66O%67O%68O%69O%70O%71O%72O%73O%74O%75O%76O%77O%78O%79O%80O%81O%82O%83O%84O%85O%86O%87O%88O%89O%90O%91O%92O%93O%94O%95O%96O%97O%98O%99O100O101O102O103O104O105O106O107O108O109O110O111O112O113O114O115O116O117O118O119O120O121O122O123O124O125O126O127O128O129O130O131O132N1N2N3N4N5N6N7N8N9N%10N%11N%12N%13N%14N%15N%16N%17N%18N%19N%20N%21N%22N%23N%24N%25N%26N%27N%28N%29N%30N%31N%32N%33N%34N%35N%36N%37N%38N%39N%40N%41N%42N%43N%44N%45N%46N%47N%48N%49N%50N%51N%52N%53N%54N%55N%56N%57N%58N%59N%60N%61N%62N%63N%64N%65N%66N%67N%68N%69N%70N%71N%72N%73N%74N%75N%76N%77N%78N%79N%80N%81N%82N%83N%84N%85N%86N%87N%88N%89N%90N%91N%92N%93N%94N%95N%96N%97N%98N%99N100N101N102N103N104N105N106N107N108N109N110N111N112N113N114N115N116N117N118N119N120N121N122N123N124N125N126N127N128N129N130N131N132,True,CBrC1C2C3C4C5C6C7C8C9C%10C%11C%12C%13C%14C%15C%16C%17C%18C%19C%20C%21C%22C%23C%24C%25C%26C%27C%28C%29C%30C%31C%32C%33C%34C%35C%36C%37C%38C%39C%40C%41C%42C%43C%44C%45C%46C%47C%48C%49C%50C%51C%52C%53C%54C%55C%56C%57C%58C%59C%60C%61C%62C%63C%64C%65C%66C%67C%68C%69C%70C%71C%72C%73C%74C%75C%76C%77C%78C%79C%80C%81C%82C%83C%84C%85C%86C%87C%88C%89C%90C%91C%92C%93C%94C%95C%96C%97C%98C%99C100C101C102C103C104C105C106C107C108C109C110C111C112C113C114C115C116C117C118C119C120C121C122C123C124C125C126C127C128C129C130C131C132O1O2O3O4O5O6O7O8O9O%10O%11O%12O%13O%14O%15O%16O%17O%18O%19O%20O%21O%22O%23O%24O%25O%26O%27O%28O%29O%30O%31O%32O%33O%34O%35O%36O%37O%38O%39O%40O%41O%42O%43O%44O%45O%46O%47O%48O%49O%50O%51O%52O%53O%54O%55O%56O%57O%58O%59O%60O%61O%62O%63O%64O%65O%66O%67O%68O%69O%70O%71O%72O%73O%74O%75O%76O%77O%78O%79O%80O%81O%82O%83O%84O%85O%86O%87O%88O%89O%90O%91O%92O%93O%94O%95O%96O%97O%98O%99O100O101O102O103O104O105O106O107O108O109O110O111O112O113O114O115O116O117O118O119O120O121O122O123O124O125O126O127O128O129O130O131O132N1N2N3N4N5N6N7N8N9N%10N%11N%12N%13N%14N%15N%16N%17N%18N%19N%20N%21N%22N%23N%24N%25N%26N%27N%28N%29N%30N%31N%32N%33N%34N%35N%36N%37N%38N%39N%40N%41N%42N%43N%44N%45N%46N%47N%48N%49N%50N%51N%52N%53N%54N%55N%56N%57N%58N%59N%60N%61N%62N%63N%64N%65N%66N%67N%68N%69N%70N%71N%72N%73N%74N%75N%76N%77N%78N%79N%80N%81N%82N%83N%84N%85N%86N%87N%88N%89N%90N%91N%92N%93N%94N%95N%96N%97N%98N%99N100N101N102N103N104N105N106N107N108N109N110N111N112N113N114N115N116N117N118N119N120N121N122N123N124N125N126N127N128N129N130N131N132,False,404
[H]F(#P)[Ca](#B)[Ca]([CaH])B=B1#B2[Ca]3#[Ca][Ca](B[Ca]=B3[CaH])B3B[Ca][Ca][Ca](B)#B[Ca][Ca][Ca]4#[Ca][Ca]#[Ca](B#[Ca]4)[Ca](B)#B(#[Ca]B3#[Ca])[Ca](#B)=[Ca]B(#P(=[Ca])#[Ca])[Ca]2#[Ca]=B(B)#[Ca]1,True,[H]F(#P)[Ca](#B)[Ca]([CaH])B=B1#B2[Ca]3#[Ca][Ca](B[Ca]=B3[CaH])B3B[Ca][Ca][Ca](B)#B[Ca][Ca][Ca]4#[Ca][Ca]#[Ca](B#[Ca]4)[Ca](B)#B(#[Ca]B3#[Ca])[Ca](#B)=[Ca]B(#P(=[Ca])#[Ca])[Ca]2#[Ca]=B(B)#[Ca]1,False,188
B#B[PH]1=[Ca][Ca](B=B2#B3[Ca](B=[Ca])#[Ca][Ca](B)B4BP(#P)[Ca]B(B)#B[Ca]P[Ca]5#[Ca][Ca]#[Ca](=B#[Ca]5)[Ca](BB5#[Ca]BP(B)#B(#P)B5[Ca]=B(#B)B)#B(#BB4#[Ca])[Ca](#B)[Ca]B(#P(#[Ca])[CaH])[Ca]3#[Ca]=B(B)#[Ca]2)[Ca]F(#P)[H]1,True,B#B[PH]1=[Ca][Ca](B=B2#B3[Ca](B=[Ca])#[Ca][Ca](B)B4BP(#P)[Ca]B(B)#B[Ca]P[Ca]5#[Ca][Ca]#[Ca](=B#[Ca]5)[Ca](BB5#[Ca]BP(B)#B(#P)B5[Ca]=B(#B)B)#B(#BB4#[Ca])[Ca](#B)[Ca]B(#P(#[Ca])[CaH])[Ca]3#[Ca]=B(B)#[Ca]2)[Ca]F(#P)[H]1,False,69
C1CC2C3C4C1N2N3N4,True,C1CC2C3C4C1N2N3N4,False,405
[H]F(#P)[Ca](#B)[Ca](B)B=B1#B2[Ca]3#[Ca][Ca](B[Ca]=B3[CaH])B3B[Ca][Ca]B(B)#B[Ca][Ca][Ca]4#[Ca]#[Ca](=B#[Ca]4)[Ca](B)#B(#BB3#[Ca])[Ca](#B)=[Ca]B(#[Ca](=[Ca])#[Ca])[Ca]2#[Ca]B(B)#[Ca]1,True,[H]F(#P)[Ca](#B)[Ca](B)B=B1#B2[Ca]3#[Ca][Ca](B[Ca]=B3[CaH])B3B[Ca][Ca]B(B)#B[Ca][Ca][Ca]4#[Ca]#[Ca](=B#[Ca]4)[Ca](B)#B(#BB3#[Ca])[Ca](#B)=[Ca]B(#[Ca](=[Ca])#[Ca])[Ca]2#[Ca]B(B)#[Ca]1,False,455
[H]F(#P)B(#B)B(B)B=B1#[Ca]([Ca]2#B[Ca](B(B#[Ca])B[Ca](#[Ca])[Ca]B(B)#B[CaH])B[Ca]=B2=[Ca])[Ca](B[Ca]=[Ca](#B)B#[Ca](B)[Ca]2#[Ca][Ca]#B[Ca]#B2)#[Ca]=B(B)#[Ca]1,True,[H]F(#P)B(#B)B(B)B=B1#[Ca]([Ca]2#B[Ca](B(B#[Ca])B[Ca](#[Ca])[Ca]B(B)#B[CaH])B[Ca]=B2=[Ca])[Ca](B[Ca]=[Ca](#B)B#[Ca](B)[Ca]2#[Ca][Ca]#B[Ca]#B2)#[Ca]=B(B)#[Ca]1,False,131
B1C2C3C4C5C6C7C8C9C%10C%11C%12C%13C%14C%15C%16C%17C%18C%19C%20C%21C%22C%23C%24C%25C%26C%27C%28C%29C%30C%31C%32C%33C%34C%35C%36C%37C%38C%39C%40C%41C%42C%43C%44C%45C%46C%47C%48C%49C%50C%51C%52C%53C%54C%55C%56C%57C%58C%59C%60C%61C%62C%63C%64C%65C%66C%67C%68C%69C%70C%71C%72C%73C%74C%75C%76C%77C%78C%79C%80C%81C%82C%83C%84C%85C%86C%87C%88C%89C%90C%91C%92C%93C%94C%95C%96C%97C%98C%99C100C101C102C103C104C105C106C107C108C109C110C111C112C113C114C115C116C117C118C119C120C121C122C123C124C125C126C127C128C129C130C131C132,True,B1C2C3C4C5C6C7C8C9C%10C%11C%12C%13C%14C%15C%16C%17C%18C%19C%20C%21C%22C%23C%24C%25C%26C%27C%28C%29C%30C%31C%32C%33C%34C%35C%36C%37C%38C%39C%40C%41C%42C%43C%44C%45C%46C%47C%48C%49C%50C%51C%52C%53C%54C%55C%56C%57C%58C%59C%60C%61C%62C%63C%64C%65C%66C%67C%68C%69C%70C%71C%72C%73C%74C%75C%76C%77C%78C%79C%80C%81C%82C%83C%84C%85C%86C%87C%88C%89C%90C%91C%92C%93C%94C%95C%96C%97C%98C%99C100C101C102C103C104C105C106C107C108C109C110C111C112C113C114C115C116C117C118C119C120C121C122C123C124C125C126C127C128C129C130C131C132,False,1730
B#[Ca]1BB2B(#[Ca])[Ca]#B(#[Ca](B)[Ca]3#[Ca][Ca]#B(P[Ca]B#B(B)[Ca]1)[Ca]#B3)[Ca](#B)=[Ca]B(#P(=[Ca])#[Ca])[Ca]1#[Ca]=B(B)#[Ca]B(=B[Ca](B)[Ca](#B)F(#P)[H][CaH])#B1[Ca]1#B[Ca]2BP=B1=[Ca],True,B#[Ca]1BB2B(#[Ca])[Ca]#B(#[Ca](B)[Ca]3#[Ca][Ca]#B(P[Ca]B#B(B)[Ca]1)[Ca]#B3)[Ca](#B)=[Ca]B(#P(=[Ca])#[Ca])[Ca]1#[Ca]=B(B)#[Ca]B(=B[Ca](B)[Ca](#B)F(#P)[H][CaH])#B1[Ca]1#B[Ca]2BP=B1=[Ca],False,244
CC1(C)S[C@@H]2C(NC(=O)[C@H](NC(=O)C3=CNc4cccnc4C3=O)c5ccccc5)C(=O)N2[C@H]1C(O)=O,True,CC1(C)S[C@@H]2C(NC(=O)[C@H](NC(=O)C3=CNc4cccnc4C3=O)c5ccccc5)C(=O)N2[C@H]1C(O)=O,False,379
[H]F(#P)[Ca](#B)[Ca](B)B=B1#[Ca]2[Ca]3#B[Ca](B[Ca]=B3=[Ca])B3B[Ca](#P)[Ca]B(B)#B[Ca][Ca][Ca]4#[Ca][Ca]#[Ca](=B#[Ca]4)[Ca](B)#B(#BB3#[Ca])[Ca](#B)=[Ca]B(#P(=[Ca])#[Ca])[Ca]2#[Ca]=B(B)#[Ca]1,True,[H]F(#P)[Ca](#B)[Ca](B)B=B1#[Ca]2[Ca]3#B[Ca](B[Ca]=B3=[Ca])B3B[Ca](#P)[Ca]B(B)#B[Ca][Ca][Ca]4#[Ca][Ca]#[Ca](=B#[Ca]4)[Ca](B)#B(#BB3#[Ca])[Ca](#B)=[Ca]B(#P(=[Ca])#[Ca])[Ca]2#[Ca]=B(B)#[Ca]1,False,348
CBrC1C2C3C4C5C6C7C8C9C%10C%11C%12C%13C%14C%15C%16C%17C%18C%19C%20C%21C%22C%23C%24C%25C%26C%27C%28C%29C%30C%31C%32C%33C%34C%35C%36C%37C%38C%39C%40C%41C%42C%43C%44C%45C%46C%47C%48C%49C%50C%51C%52C%53C%54C%55C%56C%57C%58C%59C%60C%61C%62C%63C%64C%65C%66C%67C%68C%69C%70C%71C%72C%73C%74C%75C%76C%77C%78C%79C%80C%81C%82C%83C%84C%85C%86C%87C%88C%89C%90C%91C%92C%93C%94C%95C%96C%97C%98C%99C%100C%101C%102C%103C%104C%105C%106C%107C%108C%109C%110C%111C%112C%113C%114C%115C%116C%117C%118C%119C%120C%121C%122C%123C%124C%125C%126C%127C%128C%129C%130C%131C%132,True,CBrC1C2C3C4C5C6C7C8C9C%10C%11C%12C%13C%14C%15C%16C%17C%18C%19C%20C%21C%22C%23C%24C%25C%26C%27C%28C%29C%30C%31C%32C%33C%34C%35C%36C%37C%38C%39C%40C%41C%42C%43C%44C%45C%46C%47C%48C%49C%50C%51C%52C%53C%54C%55C%56C%57C%58C%59C%60C%61C%62C%63C%64C%65C%66C%67C%68C%69C%70C%71C%72C%73C%74C%75C%76C%77C%78C%79C%80C%81C%82C%83C%84C%85C%86C%87C%88C%89C%90C%91C%92C%93C%94C%95C%96C%97C%98C%99C%100C%101C%102C%103C%104C%105C%106C%107C%108C%109C%110C%111C%112C%113C%114C%115C%116C%117C%118C%119C%120C%121C%122C%123C%124C%125C%126C%127C%128C%129C%130C%131C%132,False,1502
[H]F(=P)[Ca](#B)[Ca]([CaH])B=B1#B([Ca](B[CaH])#[Ca][Ca](B)B(B#[Ca])B[Ca](#B)[Ca]B(B)#B[CaH])[Ca](B[Ca]=[Ca](#B)B#[Ca](B)[Ca]2#[Ca][Ca]#[Ca][Ca]#B2)#[Ca]=B(B)#[Ca]1,True,[H]F(=P)[Ca](#B)[Ca]([CaH])B=B1#B([Ca](B[CaH])#[Ca][Ca](B)B(B#[Ca])B[Ca](#B)[Ca]B(B)#B[CaH])[Ca](B[Ca]=[Ca](#B)B#[Ca](B)[Ca]2#[Ca][Ca]#[Ca][Ca]#B2)#[Ca]=B(B)#[Ca]1,False,827
B#[Ca](B#[Ca](B#[Ca]1#[Ca][Ca]#[Ca][Ca]#B1)[Ca]B[Ca]1#[Ca]B(B)#[Ca]B#B1[Ca](B[CaH])#[Ca][Ca](B)B(B#[Ca])B[Ca](#B)[Ca]B(B)#B[CaH],True,B#[Ca](B#[Ca](B#[Ca]1#[Ca][Ca]#[Ca][Ca]#B1)[Ca]B[Ca]1#[Ca]B(B)#[Ca]B#B1[Ca](B[CaH])#[Ca][Ca](B)B(B#[Ca])B[Ca](#B)[Ca]B(B)#B[CaH],False,153
[H]F(#P)[Ca](#B)[Ca](B)B=B1#B2[Ca](B[CaH])#[Ca][Ca](B)B3B[Ca](#[Ca])[Ca]B(B)#B[Ca][Ca][Ca]4#[Ca][Ca]#[Ca](=B#[Ca]4)[Ca](B)#B(#BB3#[Ca])[Ca](#B)=[Ca]B[Ca]2#[Ca]=B(B)#[Ca]1,True,[H]F(#P)[Ca](#B)[Ca](B)B=B1#B2[Ca](B[CaH])#[Ca][Ca](B)B3B[Ca](#[Ca])[Ca]B(B)#B[Ca][Ca][Ca]4#[Ca][Ca]#[Ca](=B#[Ca]4)[Ca](B)#B(#BB3#[Ca])[Ca](#B)=[Ca]B[Ca]2#[Ca]=B(B)#[Ca]1,False,731
F[P](=F)[Ca][Ca](B)B=B1#B([Ca](B[CaH])#[Ca][Ca](B)B(B#[Ca])B[Ca](#B)[Ca]B(B)#B[CaH])[Ca](B[Ca][Ca](#B)B#[Ca](B)[Ca]2#[Ca][Ca]#[Ca][Ca]#B2)#[Ca]B(B)#[Ca]1,True,F[P](=F)[Ca][Ca](B)B=B1#B([Ca](B[CaH])#[Ca][Ca](B)B(B#[Ca])B[Ca](#B)[Ca]B(B)#B[CaH])[Ca](B[Ca][Ca](#B)B#[Ca](B)[Ca]2#[Ca][Ca]#[Ca][Ca]#B2)#[Ca]B(B)#[Ca]1,False,6
CC1(C)S[C@@H]2[C@H](NC(=O)[C@H](N)c3ccccc3)C(=O)N2[C@H]1C(O)=O.CC4(C)[C@@H](N5[C@@H](CC5=O)[S]4(=O)=O)C(O)=O,True,CC1(C)S[C@@H]2[C@H](NC(=O)[C@H](N)c3ccccc3)C(=O)N2[C@H]1C(O)=O.CC4(C)[C@@H](N5[C@@H](CC5=O)[S]4(=O)=O)C(O)=O,False,29
B#[Ca](F(#P)[H][CaH])[Ca]([CaH])B=B1#B2[Ca]3#B[Ca](B[Ca]=B3[CaH])B3B[Ca][Ca][Ca](B)#B[Ca][Ca][Ca]4#[Ca][Ca]#[Ca](B#[Ca]4)[Ca](B)#B(#BB3#[Ca])[Ca](#B)=[Ca]B(=P(=[Ca])#[Ca])[Ca]2#[Ca]=B(B)#[PH]1,True,B#[Ca](F(#P)[H][CaH])[Ca]([CaH])B=B1#B2[Ca]3#B[Ca](B[Ca]=B3[CaH])B3B[Ca][Ca][Ca](B)#B[Ca][Ca][Ca]4#[Ca][Ca]#[Ca](B#[Ca]4)[Ca](B)#B(#BB3#[Ca])[Ca](#B)=[Ca]B(=P(=[Ca])#[Ca])[Ca]2#[Ca]=B(B)#[PH]1,False,412
[H]F(#P)[Ca](#B)[Ca]([CaH])B=B1#B([Ca](#B[Ca](B)B(B#[Ca])B[Ca](#[Ca])[Ca]B(B)#B[CaH])B[CaH])[Ca](B[Ca]=[Ca](#B)B#[Ca](B)[Ca]2#[Ca][Ca]#[Ca][Ca]#B2)#[Ca]=B(B)#[Ca]1,True,[H]F(#P)[Ca](#B)[Ca]([CaH])B=B1#B([Ca](#B[Ca](B)B(B#[Ca])B[Ca](#[Ca])[Ca]B(B)#B[CaH])B[CaH])[Ca](B[Ca]=[Ca](#B)B#[Ca](B)[Ca]2#[Ca][Ca]#[Ca][Ca]#B2)#[Ca]=B(B)#[Ca]1,False,1170
[H]F(#P)B(#B)[Ca]([CaH])B=B1#B([Ca](B[CaH])#[Ca][Ca](B)B(B#[Ca])B[Ca](#[Ca])[Ca]B(B)#B[CaH])[Ca](B[Ca]=[Ca](#B)B#[Ca](B)[Ca]2#[Ca][Ca]#[Ca][Ca]#B2)#[Ca]=B(B)#[Ca]1,True,[H]F(#P)B(#B)[Ca]([CaH])B=B1#B([Ca](B[CaH])#[Ca][Ca](B)B(B#[Ca])B[Ca](#[Ca])[Ca]B(B)#B[CaH])[Ca](B[Ca]=[Ca](#B)B#[Ca](B)[Ca]2#[Ca][Ca]#[Ca][Ca]#B2)#[Ca]=B(B)#[Ca]1,False,461
[H]=[Ca]1#B[Ca]2#[Ca][Ca]#[Ca]1[Ca][Ca]B#B(B)[Ca][Ca](#B)BB1B(#[Ca])B#B(#[Ca]2BB2#[Ca]B(#[Ca]#B)[PH](=B)#B(#B)B2[Ca]=B(#B)[CaH])[Ca](#B)=[Ca]B(#B(#[Ca])[CaH])[Ca]2#[Ca]=B(B)#[Ca]B(=B[Ca]3B[PH](=[Ca]#B)[H](P)F(#P)B3#B)#B2[Ca]2#[Ca][Ca]1B[Ca]#B2=[Ca],True,[H]=[Ca]1#B[Ca]2#[Ca][Ca]#[Ca]1[Ca][Ca]B#B(B)[Ca][Ca](#B)BB1B(#[Ca])B#B(#[Ca]2BB2#[Ca]B(#[Ca]#B)[PH](=B)#B(#B)B2[Ca]=B(#B)[CaH])[Ca](#B)=[Ca]B(#B(#[Ca])[CaH])[Ca]2#[Ca]=B(B)#[Ca]B(=B[Ca]3B[PH](=[Ca]#B)[H](P)F(#P)B3#B)#B2[Ca]2#[Ca][Ca]1B[Ca]#B2=[Ca],False,1594
CN(C)C1C2CC3C(=C(O)c4c(O)cccc4C3(C)O)C(=O)C2(O)C(=O)\\C(=C(/O)NCN5CCN(CC5)C(=N)N=C(N)N)C1=O,True,CN(C)C1C2CC3C(=C(O)c4c(O)cccc4C3(C)O)C(=O)C2(O)C(=O)\\C(=C(/O)NCN5CCN(CC5)C(=N)N=C(N)N)C1=O,False,377
CC1(C)S[C@@H]2[C@H](NC(=O)[C@H](N[S]([O-])(=O)=O)c3ccccc3)C(=O)N2[C@H]1C([O-])=O,True,CC1(C)S[C@@H]2[C@H](NC(=O)[C@H](N[S]([O-])(=O)=O)c3ccccc3)C(=O)N2[C@H]1C([O-])=O,False,427
B#[Ca]1BB2B(#[Ca])B#B(#[Ca](B)[Ca]3#[Ca][Ca]#[Ca]([Ca][Ca]B#B(B)[Ca]1)[Ca]#B3)[Ca](#B)=[Ca]B(=[PH](#[Ca])[CaH])[Ca]1#[Ca]=B(B)#[Ca]B(=BB3B[Ca](=B=B)[H]([CaH])F(#P)[Ca]3#B)#B1[Ca]1#B[Ca]2B[Ca]=B1[CaH],True,B#[Ca]1BB2B(#[Ca])B#B(#[Ca](B)[Ca]3#[Ca][Ca]#[Ca]([Ca][Ca]B#B(B)[Ca]1)[Ca]#B3)[Ca](#B)=[Ca]B(=[PH](#[Ca])[CaH])[Ca]1#[Ca]=B(B)#[Ca]B(=BB3B[Ca](=B=B)[H]([CaH])F(#P)[Ca]3#B)#B1[Ca]1#B[Ca]2B[Ca]=B1[CaH],False,1417
CN1C[C@@H](C[C@H]2[C@H]1Cc3c[nH]c4cccc2c34)C(=O)N[C@]5(C)O[C@@]6(O)[C@@H]7CCCN7C(=O)[C@H](Cc8ccccc8)N6C5=O,True,CN1C[C@@H](C[C@H]2[C@H]1Cc3c[nH]c4cccc2c34)C(=O)N[C@]5(C)O[C@@]6(O)[C@@H]7CCCN7C(=O)[C@H](Cc8ccccc8)N6C5=O,False,127
[H]F(#P)[Ca](#B)[Ca](B)B=B1#B2[Ca](B[CaH])#[Ca][Ca](B)B(B#[Ca])B[Ca](#B)[Ca]B(B)#B[Ca][Ca][Ca]3#[Ca][Ca]#[Ca](=B#[Ca]3)[Ca](B)#B[Ca](#B)=[Ca]B[Ca]2#[Ca]=B(B)#[Ca]1,True,[H]F(#P)[Ca](#B)[Ca](B)B=B1#B2[Ca](B[CaH])#[Ca][Ca](B)B(B#[Ca])B[Ca](#B)[Ca]B(B)#B[Ca][Ca][Ca]3#[Ca][Ca]#[Ca](=B#[Ca]3)[Ca](B)#B[Ca](#B)=[Ca]B[Ca]2#[Ca]=B(B)#[Ca]1,False,411
CN1[C@@H]2CC(C[C@H]1[C@@H]3O[C@H]23)OC(=O)[C@H](CO)c4ccccc4,True,CN1[C@@H]2CC(C[C@H]1[C@@H]3O[C@H]23)OC(=O)[C@H](CO)c4ccccc4,False,331
B#B=[Ca]1BB(B=B2#B3B(#[Ca]=B(B)#[Ca]2)B(#P(#[Ca])[CaH])[Ca]=[Ca](#B)B2#[Ca]B(#[Ca])B(B[Ca](#B)[Ca]B(B)#B[Ca][Ca][Ca]4#[Ca][Ca]#[Ca](B#[Ca]4)[Ca]#2B)[Ca]2B[Ca]=B([CaH])[Ca]3#[Ca]2)[Ca](#B)F(#P)[H]1B,True,B#B=[Ca]1BB(B=B2#B3B(#[Ca]=B(B)#[Ca]2)B(#P(#[Ca])[CaH])[Ca]=[Ca](#B)B2#[Ca]B(#[Ca])B(B[Ca](#B)[Ca]B(B)#B[Ca][Ca][Ca]4#[Ca][Ca]#[Ca](B#[Ca]4)[Ca]#2B)[Ca]2B[Ca]=B([CaH])[Ca]3#[Ca]2)[Ca](#B)F(#P)[H]1B,False,208
C1=NC(=C(C2=C1[NH]C3=C2C(=CC=C3)OC4=CC=C(C=C4)Cl)COC)C(OC(C)C)=O,True,C1=NC(=C(C2=C1[NH]C3=C2C(=CC=C3)OC4=CC=C(C=C4)Cl)COC)C(OC(C)C)=O,True,1510
C1CC2C3C4C1C1(C)C(CCC(N)(C1)C3)C4NC(=O)C1C2C(=O)N1C(O)=O,True,C1CC2C3C4C1C1(C)C(CCC(N)(C1)C3)C4NC(=O)C1C2C(=O)N1C(O)=O,True,242
[H]F(#P)[Ca](#[Ca])B(B)B=B1#B([Ca](B[CaH])#[Ca][Ca](B)BB[Ca](#P)[Ca]B(B)#B[CaH])[Ca](B[Ca]=[Ca](#B)B#[Ca](B)[Ca]2#[Ca][Ca]#B[Ca]#B2)#[Ca]=B(B)#[Ca]1,True,[H]F(#P)[Ca](#[Ca])B(B)B=B1#B([Ca](B[CaH])#[Ca][Ca](B)BB[Ca](#P)[Ca]B(B)#B[CaH])[Ca](B[Ca]=[Ca](#B)B#[Ca](B)[Ca]2#[Ca][Ca]#B[Ca]#B2)#[Ca]=B(B)#[Ca]1,False,369
CC12#C3C#1N3145CN13C1#N6#C789#C%10(C7N%107C%10CO%10%11O%10C%12#CBr%124(C)P84(#F2(FO(#F)BCP)F4)O%107%11)C16395,True,CC12#C3C#1N3145CN13C1#N6#C789#C%10(C7N%107C%10CO%10%11O%10C%12#CBr%124(C)P84(#F2(FO(#F)BCP)F4)O%107%11)C16395,False,259
F[P]CaB([CaH])B=B1#B([Ca]#[Ca][Ca](B)BB[Ca](#B)[CaH])[Ca](B[Ca]=[Ca](#B)B#[Ca][Ca](B#[Ca])#[Ca][CaH])#[Ca]B(B)#[Ca]1,True,F[P]CaB([CaH])B=B1#B([Ca]#[Ca][Ca](B)BB[Ca](#B)[CaH])[Ca](B[Ca]=[Ca](#B)B#[Ca][Ca](B#[Ca])#[Ca][CaH])#[Ca]B(B)#[Ca]1,False,233
B#[Ca]=I1=B[Ca](B=B2#B3[Ca]4#[Ca][Ca](B[Ca]#B4=[Ca])B4B[Ca](#B)[Ca]B(B)#B[Ca][Ca][Ca]5#[Ca][Ca]#[Ca](=B#[Ca]5)[Ca](B)#B(#[Ca]B4#[Ca])[Ca](#B)=[Ca]B(#B(=[Ca])#[Ca])[Ca]3#[Ca]=B(=B)#[Ca]2)B(#B)F(#P)[H]1,True,B#[Ca]=I1=B[Ca](B=B2#B3[Ca]4#[Ca][Ca](B[Ca]#B4=[Ca])B4B[Ca](#B)[Ca]B(B)#B[Ca][Ca][Ca]5#[Ca][Ca]#[Ca](=B#[Ca]5)[Ca](B)#B(#[Ca]B4#[Ca])[Ca](#B)=[Ca]B(#B(=[Ca])#[Ca])[Ca]3#[Ca]=B(=B)#[Ca]2)B(#B)F(#P)[H]1,False,278
B#[Ca]=[IH]1B[Ca](B=B2#B3[Ca]4#[Ca][Ca](B[Ca]=B4[CaH])B4B[Ca](#P)[Ca]B(B)#B[Ca][Ca][Ca]5#[Ca][Ca]#[Ca](B#[Ca]5)[Ca](B)#B(#BB4#[Ca])[Ca](#B)=[Ca]B(#P(=[Ca])#[Ca])[Ca]3#[Ca]=B(B)#[Ca]2)[Ca](#B)F(#P)[H]1I,True,B#[Ca]=[IH]1B[Ca](B=B2#B3[Ca]4#[Ca][Ca](B[Ca]=B4[CaH])B4B[Ca](#P)[Ca]B(B)#B[Ca][Ca][Ca]5#[Ca][Ca]#[Ca](B#[Ca]5)[Ca](B)#B(#BB4#[Ca])[Ca](#B)=[Ca]B(#P(=[Ca])#[Ca])[Ca]3#[Ca]=B(B)#[Ca]2)[Ca](#B)F(#P)[H]1I,False,1807
[H]F(#P)[Ca](#B)[Ca]([CaH])B=B1#[Ca]2[Ca]3#[Ca][Ca](B[Ca]=B3=[Ca])B3B[Ca][Ca]B(B)#[Ca][Ca][Ca][Ca]4#[Ca]#[Ca]#[Ca](=B#[Ca]4)[Ca](B)#B(#BB3#[Ca])[Ca](#B)=[Ca]B(#[Ca](=[Ca])#[Ca])[Ca]2#[Ca]=B(=B)#[Ca]1,True,[H]F(#P)[Ca](#B)[Ca]([CaH])B=B1#[Ca]2[Ca]3#[Ca][Ca](B[Ca]=B3=[Ca])B3B[Ca][Ca]B(B)#[Ca][Ca][Ca][Ca]4#[Ca]#[Ca]#[Ca](=B#[Ca]4)[Ca](B)#B(#BB3#[Ca])[Ca](#B)=[Ca]B(#[Ca](=[Ca])#[Ca])[Ca]2#[Ca]=B(=B)#[Ca]1,False,374
B#B[IH]1=B[Ca](B#B2#B3[Ca](B=[Ca])#[Ca][Ca](B)B(B[Ca](#B)[Ca]B(B)#B[CaH])B(#[Ca])B#B(#[Ca](B[Ca](#[Ca][CaH])B(B)[Ca]=B(#B)B)[Ca]4#[Ca][Ca]#[Ca][Ca]#B4)[Ca](#B)=[Ca]B[Ca]3#[Ca]=B(B)#[Ca]2)[Ca]F(#P)[H]1,True,B#B[IH]1=B[Ca](B#B2#B3[Ca](B=[Ca])#[Ca][Ca](B)B(B[Ca](#B)[Ca]B(B)#B[CaH])B(#[Ca])B#B(#[Ca](B[Ca](#[Ca][CaH])B(B)[Ca]=B(#B)B)[Ca]4#[Ca][Ca]#[Ca][Ca]#B4)[Ca](#B)=[Ca]B[Ca]3#[Ca]=B(B)#[Ca]2)[Ca]F(#P)[H]1,False,66
CC1=C2C=CC3=C1N2C1=C3C=C4C1=NC1=C4,True,CC1=C2C=CC3=C1N2C1=C3C=C4C1=NC1=C4,False,441
[H]F(#P)B(#B)B(B)B=B1#B2[Ca](B[CaH])#B[Ca](B)B(B[Ca](#[Ca])[Ca]B(B)#B[CaH])B(#[Ca])[Ca]#B(#[Ca](B)[Ca]3#[Ca][Ca]#[Ca][Ca]#B3)[Ca](#B)=[Ca]B[Ca]2#[Ca]B(B)#[Ca]1,True,[H]F(#P)B(#B)B(B)B=B1#B2[Ca](B[CaH])#B[Ca](B)B(B[Ca](#[Ca])[Ca]B(B)#B[CaH])B(#[Ca])[Ca]#B(#[Ca](B)[Ca]3#[Ca][Ca]#[Ca][Ca]#B3)[Ca](#B)=[Ca]B[Ca]2#[Ca]B(B)#[Ca]1,False,1105
O=C1C=CC(=O)C(=O)C1=O,True,O=C1C=CC(=O)C(=O)C1=O,True,319
CC1=C2C=CC3=C1N=C1C3=NC3=C1C=CC1=C3N=C3C=CC4=C1C2=C4C=C5C6(C7N6C7CO7O6C6C8=C(Br)C6(C)C5(C4F2(F7(F)BCP)F4)O6O7C16395,True,CC1=C2C=CC3=C1N=C1C3=NC3=C1C=CC1=C3N=C3C=CC4=C1C2=C4C=C5C6(C7N6C7CO7O6C6C8=C(Br)C6(C)C5(C4F2(F7(F)BCP)F4)O6O7C16395,False,1411
[H]F(#P)[Ca][Ca]([CaH])B=B1#B([Ca](B[CaH])#[Ca][Ca](B)B(B#[Ca])B[Ca](#B)[Ca]B(B)#B[CaH])[Ca](B[Ca]=[Ca](#B)B#[Ca](B)[Ca]2#[Ca][Ca]#[Ca][Ca]#B2)#[Ca]=B(B)#[Ca]1,True,[H]F(#P)[Ca][Ca]([CaH])B=B1#B([Ca](B[CaH])#[Ca][Ca](B)B(B#[Ca])B[Ca](#B)[Ca]B(B)#B[CaH])[Ca](B[Ca]=[Ca](#B)B#[Ca](B)[Ca]2#[Ca][Ca]#[Ca][Ca]#B2)#[Ca]=B(B)#[Ca]1,False,179
CC1(C)S[C@@H]2[C@H](NC(=O)[C@H](NC(=O)Cc3ccc(cc3)C4=NCCCN4)c5ccccc5)C(=O)N2[C@H]1C(O)=O,True,CC1(C)S[C@@H]2[C@H](NC(=O)[C@H](NC(=O)Cc3ccc(cc3)C4=NCCCN4)c5ccccc5)C(=O)N2[C@H]1C(O)=O,False,287
C1=CC=CC(=C1OC(C2=C(C=CC=C2)O)=O)C(O)=O,True,C1=CC=CC(=C1OC(C2=C(C=CC=C2)O)=O)C(O)=O,False,1577
CC12#C3C#1N3145CN13C1#N6#C789#C%10(C7N%10C7CO7%10O7C%11#CBr%114(C)C84(#F2(FO(#F)BCP)F4)O7%10)C16395,True,CC12#C3C#1N3145CN13C1#N6#C789#C%10(C7N%10C7CO7%10O7C%11#CBr%114(C)C84(#F2(FO(#F)BCP)F4)O7%10)C16395,False,1199
[H]F(#P)[Ca](#B)B(B)B=B1#[Ca]2[Ca]3#B[Ca](B[Ca]=B3=[Ca])B3B[Ca](#[Ca])[Ca][Ca](B)#B[Ca]PB4#[Ca][Ca]#[Ca](B#[Ca]4)[Ca](B)#B(#[Ca]B3#[Ca])[Ca](#B)=[Ca]B(#P(=[Ca])#[Ca])[Ca]2#[Ca]B(B)#[Ca]1,True,[H]F(#P)[Ca](#B)B(B)B=B1#[Ca]2[Ca]3#B[Ca](B[Ca]=B3=[Ca])B3B[Ca](#[Ca])[Ca][Ca](B)#B[Ca]PB4#[Ca][Ca]#[Ca](B#[Ca]4)[Ca](B)#B(#[Ca]B3#[Ca])[Ca](#B)=[Ca]B(#P(=[Ca])#[Ca])[Ca]2#[Ca]B(B)#[Ca]1,False,1638
[H]F(#P)[Ca](#B)[Ca]([CaH])B=B1#B2[Ca](B[CaH])#B[Ca](B)B3B[Ca](#P)[Ca]B(B)#B[Ca][Ca][Ca]4#[Ca][Ca]#[Ca](B#[Ca]4)[Ca](B)#B(#BB3#[Ca])[Ca](#B)=[Ca]B(#P(=[Ca])#[Ca])[Ca]2#[Ca]=B(B)#[Ca]1,True,[H]F(#P)[Ca](#B)[Ca]([CaH])B=B1#B2[Ca](B[CaH])#B[Ca](B)B3B[Ca](#P)[Ca]B(B)#B[Ca][Ca][Ca]4#[Ca][Ca]#[Ca](B#[Ca]4)[Ca](B)#B(#BB3#[Ca])[Ca](#B)=[Ca]B(#P(=[Ca])#[Ca])[Ca]2#[Ca]=B(B)#[Ca]1,False,562
C1=CC=C(C=C1)C(=O)O[H],True,C1=CC=C(C=C1)C(=O)O[H],False,1490
F[P](=F)[Ca][Ca]([CaH])B=B1#B([Ca](B[CaH])#[Ca][Ca](B)B(B#[Ca])B[Ca](#B)[Ca]B(B)#B[CaH])[Ca](B[Ca][Ca](#B)B#[Ca](B)[Ca]2#[Ca][Ca]#[Ca][Ca]#B2)#[Ca]B(B)#[Ca]1,True,F[P](=F)[Ca][Ca]([CaH])B=B1#B([Ca](B[CaH])#[Ca][Ca](B)B(B#[Ca])B[Ca](#B)[Ca]B(B)#B[CaH])[Ca](B[Ca][Ca](#B)B#[Ca](B)[Ca]2#[Ca][Ca]#[Ca][Ca]#B2)#[Ca]B(B)#[Ca]1,False,323
[H]F(=P)[Ca][Ca]([CaH])B=B1#B([Ca](B[CaH])#[Ca][Ca](B)B(B#[Ca])B[Ca](#B)[Ca]B(B)#B[CaH])[Ca](B[Ca][Ca](#B)B#[Ca](B)[Ca]2#[Ca][Ca]#[Ca][Ca]#B2)#[Ca]B(B)#[Ca]1,True,[H]F(=P)[Ca][Ca]([CaH])B=B1#B([Ca](B[CaH])#[Ca][Ca](B)B(B#[Ca])B[Ca](#B)[Ca]B(B)#B[CaH])[Ca](B[Ca][Ca](#B)B#[Ca](B)[Ca]2#[Ca][Ca]#[Ca][Ca]#B2)#[Ca]B(B)#[Ca]1,False,334
CBrC#COC1CC4N46C7C48#C749#N7#C%10N%11%12CN%112%13(C2#C(Cl)(#C2%13)F2(FO(#F)BCP)#P43(F2)O165)C%1078%129,True,CBrC#COC1CC4N46C7C48#C749#N7#C%10N%11%12CN%112%13(C2#C(Cl)(#C2%13)F2(FO(#F)BCP)#P43(F2)O165)C%1078%129,False,279
[H]F(#P)[Ca](#B)B([CaH])B=B1#B2[Ca]3#[Ca][Ca](B[Ca]=B3[CaH])B3B[Ca][Ca]B(B)#B[Ca][Ca][Ca]4#[Ca][Ca]#[Ca](B#[Ca]4=[H])[Ca](B)#B(#BB3#[Ca])[Ca](#B)=[Ca]B(#P(#[Ca])[CaH])[Ca]2#[Ca]=B(B)#[Ca]1,True,[H]F(#P)[Ca](#B)B([CaH])B=B1#B2[Ca]3#[Ca][Ca](B[Ca]=B3[CaH])B3B[Ca][Ca]B(B)#B[Ca][Ca][Ca]4#[Ca][Ca]#[Ca](B#[Ca]4=[H])[Ca](B)#B(#BB3#[Ca])[Ca](#B)=[Ca]B(#P(#[Ca])[CaH])[Ca]2#[Ca]=B(B)#[Ca]1,False,167
CBrC#C1O1OCCNCCN(C2C(Cl)c3ccc(Sc4cccc(c4)c3)c2)C1,True,CBrC#C1O1OCCNCCN(C2C(Cl)c3ccc(Sc4cccc(c4)c3)c2)C1,False,409
CC12#C3C#1C314SN13C1#N5C67#C8(C6N8C6CO68O6N9#CC94(C)N4(#C2(FO(#O)BNP)F4)O68)C1573,True,CC12#C3C#1C314SN13C1#N5C67#C8(C6N8C6CO68O6N9#CC94(C)N4(#C2(FO(#O)BNP)F4)O68)C1573,False,49
F[P]BB(B)B=B1=[Ca]([Ca]=B[Ca](B)BB[Ca](=B)[Ca]B)[Ca](B[Ca]=[Ca]=B[Ca](B)[Ca](B=[Ca])=B[Ca]B(=B)=[Ca]1,True,F[P]BB(B)B=B1=[Ca]([Ca]=B[Ca](B)BB[Ca](=B)[Ca]B)[Ca](B[Ca]=[Ca]=B[Ca](B)[Ca](B=[Ca])=B[Ca]B(=B)=[Ca]1,False,245
[H]F(#P)[Ca](#B)[Ca]([CaH])B=B1#[Ca]2[Ca]3#[Ca][Ca](B[Ca]=B3[CaH])B(B#[Ca])B[Ca](#B)[Ca]B(B)#B[Ca][Ca][Ca]3#[Ca][Ca]#[Ca](B#[Ca]3)[Ca](B)#B[Ca](#B)=[Ca]B[Ca]2#[Ca]=B(B)#[Ca]1,True,[H]F(#P)[Ca](#B)[Ca]([CaH])B=B1#[Ca]2[Ca]3#[Ca][Ca](B[Ca]=B3[CaH])B(B#[Ca])B[Ca](#B)[Ca]B(B)#B[Ca][Ca][Ca]3#[Ca][Ca]#[Ca](B#[Ca]3)[Ca](B)#B[Ca](#B)=[Ca]B[Ca]2#[Ca]=B(B)#[Ca]1,False,189
[H]F(=P)[Ca](#B)[Ca]([CaH])B=B1#B2[Ca]3#[Ca][Ca](B[Ca]=B3[CaH])B(B#[Ca])B[Ca](#B)[Ca]B(B)#B[Ca][Ca][Ca]3#[Ca][Ca]#[Ca](B#[Ca]3)[Ca](B)#B[Ca](#B)[Ca]B(=[PH](#[Ca])[CaH])[Ca]2#[Ca]B(B)#[Ca]1,True,[H]F(=P)[Ca](#B)[Ca]([CaH])B=B1#B2[Ca]3#[Ca][Ca](B[Ca]=B3[CaH])B(B#[Ca])B[Ca](#B)[Ca]B(B)#B[Ca][Ca][Ca]3#[Ca][Ca]#[Ca](B#[Ca]3)[Ca](B)#B[Ca](#B)[Ca]B(=[PH](#[Ca])[CaH])[Ca]2#[Ca]B(B)#[Ca]1,False,372
CN1[C@H]2[C@@H](O)[C@@H]3C(=C)c4cccc(O)c4C(=C3C(=O)[C@]2(O)C(=O)\\C(=C(N)/O)C1=O,True,CN1[C@H]2[C@@H](O)[C@@H]3C(=C)c4cccc(O)c4C(=C3C(=O)[C@]2(O)C(=O)\\C(=C(N)/O)C1=O,False,129
[H]F(#P)[Ca]B([CaH])B=B1#B([Ca](#B[Ca](B)B(B#[Ca])B[Ca](#P)[Ca]B(B)#B[CaH])B[CaH])[Ca](B[Ca]=[Ca](#B)B#[Ca](B)[Ca]2#[Ca][Ca]#B[Ca]#B2)#[Ca]B(B)#[Ca]1,True,[H]F(#P)[Ca]B([CaH])B=B1#B([Ca](#B[Ca](B)B(B#[Ca])B[Ca](#P)[Ca]B(B)#B[CaH])B[CaH])[Ca](B[Ca]=[Ca](#B)B#[Ca](B)[Ca]2#[Ca][Ca]#B[Ca]#B2)#[Ca]B(B)#[Ca]1,False,970
B#B[PH]1=B[Ca](B#B2#[Ca]3[Ca](B=[Ca])#[Ca][Ca](B)[Ca](B[Ca](#P)[Ca]B(B)#B[CaH])B(#[Ca])B#B(#B(BB(#[Ca][CaH])B(B)[Ca]=B(#B)B)[Ca]4#[Ca][Ca]#[Ca][Ca](B)#B4)[Ca](#B)[Ca][Ca][Ca]3#[Ca]=B(B)#[Ca]2)[Ca](=[Ca])F(#P)[H]1,True,B#B[PH]1=B[Ca](B#B2#[Ca]3[Ca](B=[Ca])#[Ca][Ca](B)[Ca](B[Ca](#P)[Ca]B(B)#B[CaH])B(#[Ca])B#B(#B(BB(#[Ca][CaH])B(B)[Ca]=B(#B)B)[Ca]4#[Ca][Ca]#[Ca][Ca](B)#B4)[Ca](#B)[Ca][Ca][Ca]3#[Ca]=B(B)#[Ca]2)[Ca](=[Ca])F(#P)[H]1,False,138
CC12#C3C#1N3145CN13C1#N6#C789#C%10(C7N%107C%10CO%10%11O%10C%12#CBr%124(C)P84(#F2(FO(#F)BCP)F4)O%107%11)C16395,True,CC12#C3C#1N3145CN13C1#N6#C789#C%10(C7N%107C%10CO%10%11O%10C%12#CBr%124(C)P84(#F2(FO(#F)BCP)F4)O%107%11)C16395,False,454
F[P+](F)(F)(F)(F)F.CaB1B2B3B4B5B6B7B8B9B%10B%11B%12B%13B%14B%15B%16B%17B%18B%19B%20B%21B%22B%23B%24B%25B%26B%27B%28B%29B%30B%31B%32B%33B%34B%35B%36B%37B%38B%39B%40B%41B%42B%43B%44B%45B%46B%47B%48B%49B%50B%51B%52B%53B%54B%55B%56B%57B%58B%59B%60B%61B%62B%63B%64B%65B%66B%67B%68B%69B%70B%71B%72B%73B%74B%75B%76B%77B%78B%79B%80B%81B%82B%83B%84B%85B%86B%87B%88B%89B%90B%91B%92B%93B%94B%95B%96B%97B%98B%99B%100B%101B%102B%103B%104B%105B%106B%107B%108B%109B%110B%111B%112B%113B%114B%115B%116B%117B%118B%119B%120B%121B%122B%123B%124B%125B%126B%127B%128B%129B%130B%131B%132,True,F[P+](F)(F)(F)(F)F.CaB1B2B3B4B5B6B7B8B9B%10B%11B%12B%13B%14B%15B%16B%17B%18B%19B%20B%21B%22B%23B%24B%25B%26B%27B%28B%29B%30B%31B%32B%33B%34B%35B%36B%37B%38B%39B%40B%41B%42B%43B%44B%45B%46B%47B%48B%49B%50B%51B%52B%53B%54B%55B%56B%57B%58B%59B%60B%61B%62B%63B%64B%65B%66B%67B%68B%69B%70B%71B%72B%73B%74B%75B%76B%77B%78B%79B%80B%81B%82B%83B%84B%85B%86B%87B%88B%89B%90B%91B%92B%93B%94B%95B%96B%97B%98B%99B%100B%101B%102B%103B%104B%105B%106B%107B%108B%109B%110B%111B%112B%113B%114B%115B%116B%117B%118B%119B%120B%121B%122B%123B%124B%125B%126B%127B%128B%129B%130B%131B%132,False,354
F[P+](=O)[Ca-2]B(B)B=B1[Ca+2]2[Ca-3]#[Ca][Ca-4]=[B-3][Ca+2]3B[Ca-5][Ca-6]B(B)#[Ca][Ca][Ca][Ca-7]#[Ca][Ca-8]#[Ca-9](B#[Ca-10]4)[Ca-11](B)#[B-4](#B[B-5]3#[Ca-12])[Ca-13](=B)[Ca-14]B(P(=O)[Ca-15]#[Ca-16])[Ca-17]2#[Ca-18]=B(B)#[Ca-19]1,True,F[P+](=O)[Ca-2]B(B)B=B1[Ca+2]2[Ca-3]#[Ca][Ca-4]=[B-3][Ca+2]3B[Ca-5][Ca-6]B(B)#[Ca][Ca][Ca][Ca-7]#[Ca][Ca-8]#[Ca-9](B#[Ca-10]4)[Ca-11](B)#[B-4](#B[B-5]3#[Ca-12])[Ca-13](=B)[Ca-14]B(P(=O)[Ca-15]#[Ca-16])[Ca-17]2#[Ca-18]=B(B)#[Ca-19]1,False,1817
[H]F(#P)[Ca](#[Ca])B(B)B=B1#B([Ca](#B[Ca](B)B(B#[Ca])B[Ca](#B)[Ca]B(B)#B[CaH])B[CaH])[Ca](B[Ca]=[Ca](#B)B#[Ca](B)[Ca]2#[Ca][Ca]#[Ca][Ca]#B2)#[Ca]=B(B)#[Ca]1,True,[H]F(#P)[Ca](#[Ca])B(B)B=B1#B([Ca](#B[Ca](B)B(B#[Ca])B[Ca](#B)[Ca]B(B)#B[CaH])B[CaH])[Ca](B[Ca]=[Ca](#B)B#[Ca](B)[Ca]2#[Ca][Ca]#[Ca][Ca]#B2)#[Ca]=B(B)#[Ca]1,False,288
CC1=C2C3=C(C=CC4=C3C1=O)C(=O)C(=CN4C5=CC=C(C=C5)OC)O2,True,CC1=C2C3=C(C=CC4=C3C1=O)C(=O)C(=CN4C5=CC=C(C=C5)OC)O2,True,42
C1=CC=CC(=C1C2=NCC(N(C3=C2C(=N[N]3C)C)C)=O)F,True,C1=CC=CC(=C1C2=NCC(N(C3=C2C(=N[N]3C)C)C)=O)F,True,673
B#[Ca](BB[Ca](B)[Ca]#[Ca](B[CaH])B1#B[Ca]#B(B)=[Ca]#[Ca]1B[Ca]=[Ca](#B)B#[Ca](B)[Ca]1#[Ca][Ca]#B[Ca]#B1)[Ca]B(B)#B[CaH],True,B#[Ca](BB[Ca](B)[Ca]#[Ca](B[CaH])B1#B[Ca]#B(B)=[Ca]#[Ca]1B[Ca]=[Ca](#B)B#[Ca](B)[Ca]1#[Ca][Ca]#B[Ca]#B1)[Ca]B(B)#B[CaH],False,1
CC12#C3C#1C314CN13C1#N5=C67#C8(C6N8C6CO68OO8N6#CBr64(C)N4#C2(FO(#F)BCP)F4)C1573,True,CC12#C3C#1C314CN13C1#N5=C67#C8(C6N8C6CO68OO8N6#CBr64(C)N4#C2(FO(#F)BCP)F4)C1573,False,347
[H]F(#P)[Ca](#B)[Ca](B)B=B1#[Ca]2[Ca]3#[Ca][Ca](B[Ca]=B3[CaH])B3B[Ca](#B)[Ca]B(B)#B[Ca][Ca][Ca]4#[Ca][Ca]#[Ca](=B#[Ca]4=[H])[Ca](B)#B(#BB3#[Ca])[Ca](#B)=[Ca]B(#P(=[Ca])#[Ca])[Ca]2#[Ca]=B(B)#[Ca]1,True,[H]F(#P)[Ca](#B)[Ca](B)B=B1#[Ca]2[Ca]3#[Ca][Ca](B[Ca]=B3[CaH])B3B[Ca](#B)[Ca]B(B)#B[Ca][Ca][Ca]4#[Ca][Ca]#[Ca](=B#[Ca]4=[H])[Ca](B)#B(#BB3#[Ca])[Ca](#B)=[Ca]B(#P(=[Ca])#[Ca])[Ca]2#[Ca]=B(B)#[Ca]1,False,283
[H]F(#P)[Ca](#B)B(B)B=B1#B2[Ca]3#[Ca][Ca](BP=B3=[Ca])B3B[Ca](#P)[Ca]B(B)#B[Ca]PB4#[Ca][Ca]#[Ca](B#[Ca]4)[Ca](B)#B(#[Ca]B3#[Ca])[Ca](#B)=[Ca]B(#P(=[Ca])#[Ca])[Ca]2#[Ca]B(B)#[Ca]1,True,[H]F(#P)[Ca](#B)B(B)B=B1#B2[Ca]3#[Ca][Ca](BP=B3=[Ca])B3B[Ca](#P)[Ca]B(B)#B[Ca]PB4#[Ca][Ca]#[Ca](B#[Ca]4)[Ca](B)#B(#[Ca]B3#[Ca])[Ca](#B)=[Ca]B(#P(=[Ca])#[Ca])[Ca]2#[Ca]B(B)#[Ca]1,False,1301
CBrC1C#C1O1O4CC4N4C7C4C7#C7#N7#C10N11C11C12CN12C13(C2#C(Cl)(#C2%13)F2(FO(#F)BCP)#C43(F2)O165)C1078%129,True,CBrC1C#C1O1O4CC4N4C7C4C7#C7#N7#C10N11C11C12CN12C13(C2#C(Cl)(#C2%13)F2(FO(#F)BCP)#C43(F2)O165)C1078%129,False,749
CC1=C2C3=C(C=CC=C3)N(C3=CC=CC=C3)C(=O)CCN(CC3)CCN4N=NN(C4=O)CC3C2=CC=C1,True,CC1=C2C3=C(C=CC=C3)N(C3=CC=CC=C3)C(=O)CCN(CC3)CCN4N=NN(C4=O)CC3C2=CC=C1,False,1216
CBrC#CCOCC1CC1CC1C1C1C1=OCCN(CNCC(Cl)(F)F)O,True,CBrC#CCOCC1CC1CC1C1C1C1=OCCN(CNCC(Cl)(F)F)O,False,165
C#O(BCP)FC12#N3(C1)O1O4N5#CO53(C)C35(CN36C3#N7=C89#C%10(C8N%10C8CO841)C3796)C1#C2(Cl)#C15,True,C#O(BCP)FC12#N3(C1)O1O4N5#CO53(C)C35(CN36C3#N7=C89#C%10(C8N%10C8CO841)C3796)C1#C2(Cl)#C15,False,1210
[H]F(#P)B(#B)B(B)B#B1#B([Ca]2#[Ca][Ca](BB)B[Ca]#B2=[Ca])[Ca](B([Ca]=[Ca](#B)B#[Ca][Ca]2#[Ca][Ca]#[Ca]([Ca][Ca]B#[Ca]B)[Ca](#[H])#B=2)#[Ca](#[Ca])#[Ca])#[Ca]B(=B)#[Ca]1,True,[H]F(#P)B(#B)B(B)B#B1#B([Ca]2#[Ca][Ca](BB)B[Ca]#B2=[Ca])[Ca](B([Ca]=[Ca](#B)B#[Ca][Ca]2#[Ca][Ca]#[Ca]([Ca][Ca]B#[Ca]B)[Ca](#[H])#B=2)#[Ca](#[Ca])#[Ca])#[Ca]B(=B)#[Ca]1,False,277
CBrC1C#C1O1OCC1NCC1=O,True,CBrC1C#C1O1OCC1NCC1=O,False,1701
C1=CC=C2C(=C1)C(=NC=N2)C1=CC=CC=C1,True,C1=CC=C2C(=C1)C(=NC=N2)C1=CC=CC=C1,False,328
B#B=[Ca]1BB(B=B2#B3[Ca]4#[Ca][Ca](B[Ca]=B4=[Ca])B(B#[Ca])B[Ca](#B)[Ca]B(B)#B[Ca][Ca][Ca]4#[Ca][Ca]#[Ca](=B#[Ca]4)[Ca](B)#B[Ca](#B)=[Ca]B(#P(=[Ca])#[Ca])[Ca]3#[Ca]=B(B)#[Ca]2)[Ca](#B)F(#P)[H]1[CaH],True,B#B=[Ca]1BB(B=B2#B3[Ca]4#[Ca][Ca](B[Ca]=B4=[Ca])B(B#[Ca])B[Ca](#B)[Ca]B(B)#B[Ca][Ca][Ca]4#[Ca][Ca]#[Ca](=B#[Ca]4)[Ca](B)#B[Ca](#B)=[Ca]B(#P(=[Ca])#[Ca])[Ca]3#[Ca]=B(B)#[Ca]2)[Ca](#B)F(#P)[H]1[CaH],False,74
CC1(C)S[C@@H]2[C@H](NC(=O)[C@H](NC(=O)NC3=CN=C(NC3=O)Nc4ccc(cc4)[S](N)(=O)=O)c5ccc(O)cc5)C(=O)N2[C@H]1C(O)=O,True,CC1(C)S[C@@H]2[C@H](NC(=O)[C@H](NC(=O)NC3=CN=C(NC3=O)Nc4ccc(cc4)[S](N)(=O)=O)c5ccc(O)cc5)C(=O)N2[C@H]1C(O)=O,False,46
B#B=[Ca]1B[Ca](B=B2#B3[Ca]4#[Ca][Ca](BP=B4=[Ca])B4B[Ca](#B)[Ca]B(B)#B[Ca][Ca][Ca]5#[Ca][Ca]#[Ca](=B#[Ca]5)[Ca](B)#B(#BB4#[Ca])[Ca](#B)=[Ca]B(#B(=[Ca])#[Ca])[Ca]3#[Ca]=B(B)#[Ca]2)B(#B)F(#P)[H]1[CaH],True,B#B=[Ca]1B[Ca](B=B2#B3[Ca]4#[Ca][Ca](BP=B4=[Ca])B4B[Ca](#B)[Ca]B(B)#B[Ca][Ca][Ca]5#[Ca][Ca]#[Ca](=B#[Ca]5)[Ca](B)#B(#BB4#[Ca])[Ca](#B)=[Ca]B(#B(=[Ca])#[Ca])[Ca]3#[Ca]=B(B)#[Ca]2)B(#B)F(#P)[H]1[CaH],False,902
[H]F(#P)B(=[Ca])[Ca](B)B=B1#B2[Ca]3#[Ca][Ca](B[Ca]#B3=[Ca])B3B[Ca](#[Ca])[Ca]B(B)#B[Ca][Ca][Ca]4#[Ca][Ca]#[Ca](B#[Ca]4B)B(B[Ca](#[Ca][Ca]#[Ca]#B)B(B#[Ca])[Ca]=B(#B)[CaH])#B(#[Ca]B3#[Ca])[Ca](#B)[Ca]B(#B(=[Ca])#[Ca])[Ca]2#[Ca]=B(B)#[Ca]1,True,[H]F(#P)B(=[Ca])[Ca](B)B=B1#B2[Ca]3#[Ca][Ca](B[Ca]#B3=[Ca])B3B[Ca](#[Ca])[Ca]B(B)#B[Ca][Ca][Ca]4#[Ca][Ca]#[Ca](B#[Ca]4B)B(B[Ca](#[Ca][Ca]#[Ca]#B)B(B#[Ca])[Ca]=B(#B)[CaH])#B(#[Ca]B3#[Ca])[Ca](#B)[Ca]B(#B(=[Ca])#[Ca])[Ca]2#[Ca]=B(B)#[Ca]1,False,419
CO[C@H]1/C=C/O[C@@]2(C)Oc3c(C)c(O)c4c(O)c(NC(=O)C(=C\C=C\[C@H](C)[C@H](O)[C@@H](C)[C@@H](O)[C@@H](C)[C@H](OC(C)=O)[C@@H]1C)/C)c5n6ccc(C)cc6nc5c4c3C2=O,True,CO[C@H]1/C=C/O[C@@]2(C)Oc3c(C)c(O)c4c(O)c(NC(=O)C(=C\C=C\[C@H](C)[C@H](O)[C@@H](C)[C@@H](O)[C@@H](C)[C@H](OC(C)=O)[C@@H]1C)/C)c5n6ccc(C)cc6nc5c4c3C2=O,False,125
[H]F(#P)[Ca](#B)[Ca]([CaH])B=B1#B2[Ca]3#[Ca][Ca](B[Ca]=B3=[Ca])B3B[Ca](#P)[Ca][Ca](B)#B[Ca]P[Ca]4#[Ca][Ca]#[Ca](B#[Ca]4)[Ca](B)#B(#BB3#[Ca])[Ca](#B)=[Ca]B(#P(=[Ca])#[Ca])[Ca]2#[Ca]B(B)#[Ca]1,True,[H]F(#P)[Ca](#B)[Ca]([CaH])B=B1#B2[Ca]3#[Ca][Ca](B[Ca]=B3=[Ca])B3B[Ca](#P)[Ca][Ca](B)#B[Ca]P[Ca]4#[Ca][Ca]#[Ca](B#[Ca]4)[Ca](B)#B(#BB3#[Ca])[Ca](#B)=[Ca]B(#P(=[Ca])#[Ca])[Ca]2#[Ca]B(B)#[Ca]1,False,171
[H]F(#P)[Ca](#B)B([CaH])B=B1#[Ca]2[Ca]3#B[Ca](B[Ca]=B3=[Ca])B(B)B(#[Ca])B#B(#[Ca](B)[Ca]3#[Ca][Ca]#[Ca]([Ca][Ca][Ca]#B(B)[CaH])[Ca]#B=3)[Ca](#B)=[Ca]B(#P(=[Ca])#[Ca])[Ca]2#[Ca]B(B)#[Ca]1,True,[H]F(#P)[Ca](#B)B([CaH])B=B1#[Ca]2[Ca]3#B[Ca](B[Ca]=B3=[Ca])B(B)B(#[Ca])B#B(#[Ca](B)[Ca]3#[Ca][Ca]#[Ca]([Ca][Ca][Ca]#B(B)[CaH])[Ca]#B=3)[Ca](#B)=[Ca]B(#P(=[Ca])#[Ca])[Ca]2#[Ca]B(B)#[Ca]1,False,392
C#CC(CNP)FC1N2C1C1C(N3#CC32C)S21CC2O1C2#C1(C21)O1#C2C12N21SC21C1#C2(Cl)#C21,True,C#CC(CNP)FC1N2C1C1C(N3#CC32C)S21CC2O1C2#C1(C21)O1#C2C12N21SC21C1#C2(Cl)#C21,False,656
CCC1(C)N=CN(C1=O)c2ccc(cc2)N3CCN(CC3)c4ccc(OC[C@H]5CO[C@@](Cn6cncn6)(O5)c7ccc(Cl)cc7Cl)cc4,True,CCC1(C)N=CN(C1=O)c2ccc(cc2)N3CCN(CC3)c4ccc(OC[C@H]5CO[C@@](Cn6cncn6)(O5)c7ccc(Cl)cc7Cl)cc4,False,1882
[H]F(#P)[Ca](#B)B(B)B=B1#B2[Ca]3#[Ca][Ca](B[Ca]=B3=[Ca])B3B[Ca](#B)[Ca]B(B)#B[Ca][Ca][Ca]4#[Ca][Ca]#[Ca](B#[Ca]4)[Ca](B)#B(#BB3#[Ca])[Ca](#B)=[Ca]B(#P(=[Ca])#[Ca])[Ca]2#[Ca]B(B)#[Ca]1,True,[H]F(#P)[Ca](#B)B(B)B=B1#B2[Ca]3#[Ca][Ca](B[Ca]=B3=[Ca])B3B[Ca](#B)[Ca]B(B)#B[Ca][Ca][Ca]4#[Ca][Ca]#[Ca](B#[Ca]4)[Ca](B)#B(#BB3#[Ca])[Ca](#B)=[Ca]B(#P(=[Ca])#[Ca])[Ca]2#[Ca]B(B)#[Ca]1,False,1654
