C(CNCCNCCNCCN)N,"This molecule contains amine, carbon chain, and secondary amine functional groups, in which amine may be the most influential for causing Hepatobiliary disorders.",33,124
CC(C)(C)C1=CC(=C(C=C1NC(=O)C2=CNC3=CC=CC=C3C2=O)O)C(C)(C)C,"This molecule contains amide, aromatic rings, ether, and ketone functional groups, in which amide may be the most influential for causing Hepatobiliary disorders.",34,157
CC[C@]12CC(=C)[C@H]3[C@H]([C@@H]1CC[C@]2(C#C)O)CCC4=CCCC[C@H]34,"This molecule contains an alkyne, an ether, a hydroxyl group, and a cyclohexene ring, in which the alkyne may be the most influential for causing Hepatobiliary disorders.",44,158
CCC12CC(=C)C3C(C1CC[C@]2(C#C)O)CCC4=CC(=O)CCC34,"This molecule contains an alkyne, a cyclohexene, a cyclopentane, and a ketone functional groups, in which the ketone may be the most influential for causing Hepatobiliary disorders.",45,146
C1C(C2=CC=CC=C2N(C3=CC=CC=C31)C(=O)N)O,"This molecule contains an amide, an ether, a phenyl, and a tertiary amine functional groups, in which the amide may be the most influential for causing Hepatobiliary disorders.",40,142
CC[C@H](C)[C@H]1C(=O)N[C@H]2CSSC[C@@H](C(=O)N[C@@H](CSSC[C@@H](C(=O)NCC(=O)N[C@H](C(=O)N[C@H](C(=O)N[C@H](C(=O)N[C@H](C(=O)N[C@H](C(=O)N[C@H](C(=O)N[C@H](C(=O)N[C@H](C(=O)N[C@H](C(=O)N[C@H](C(=O)N[C@@H](CSSC[C@H](NC(=O)[C@@H](NC(=O)[C@@H](NC(=O)[C@@H](NC(=O)[C@@H](NC(=O)[C@@H](NC(=O)[C@@H](NC(=O)[C@@H](NC(=O)[C@@H](NC2=O)CO)CC(C)C)CC3=CC=C(C=C3)O)CCC(=O)N)CC(C)C)CCC(=O)O)CC(=O)N)CC4=CC=C(C=C4)O)C(=O)NCC(=O)O)C(=O)NCC(=O)N[C@@H](CCC(=O)O)C(=O)N[C@@H](CCCNC(=N)N)C(=O)NCC(=O)N[C@@H](CC5=CC=CC=C5)C(=O)N[C@@H](CC6=CC=CC=C6)C(=O)N[C@@H](CC7=CC=C(C=C7)O)C(=O)N[C@@H]([C@@H](C)O)C(=O)N8CCC[C@H]8C(=O)N[C@@H](CCCCN)C(=O)N[C@@H]([C@@H](C)O)C(=O)N[C@@H](CCCNC(=N)N)C(=O)N[C@@H](CCCNC(=N)N)C(=O)O)C(C)C)CC(C)C)CC9=CC=C(C=C9)O)CC(C)C)C)CCC(=O)O)C(C)C)CC(C)C)CC2=CN=CN2)CO)NC(=O)[C@H](CC(C)C)NC(=O)[C@H](CC2=CN=CN2)NC(=O)[C@H](CCC(=O)N)NC(=O)[C@H](CC(=O)N)NC(=O)[C@H](C(C)C)NC(=O)[C@H](CC2=CC=CC=C2)N)C(=O)N[C@H](C(=O)N[C@H](C(=O)N1)CO)[C@@H](C)O)NC(=O)[C@H](CCC(=O)N)NC(=O)[C@H](CCC(=O)O)NC(=O)[C@H](C(C)C)NC(=O)[C@H]([C@@H](C)CC)NC(=O)CN,"This molecule contains amide, aromatic ring, disulfide bond, and thiazolidine functional groups, in which the disulfide bond may be the most influential for causing Hepatobiliary disorders.",42,898
CC1CC2C3CCC4=CC(=O)C=CC4([C@]3(C(CC2([C@]1(C(=O)CCl)O)C)O)F)C,"This molecule contains a chloromethyl group, an ester group, a fluoro group, and a ketone group, in which the ester group may be the most influential for causing Hepatobiliary disorders.",44,161
CCCCCCOC(=O)N=C(C1=CC=C(C=C1)NCC2=NC3=C(N2C)C=CC(=C3)C(=O)N(CCC(=O)OCC)C4=CC=CC=N4)N,"This molecule contains amide, ester, ether, and imidazole functional groups, in which amide may be the most influential for causing Hepatobiliary disorders.",35,176
CSCCC(C(=O)NCC(=O)NC(CC1=CNC2=CC=CC=C21)C(=O)NC(CCSC)C(=O)NC(CC(=O)O)C(=O)NC(CC3=CC=CC=C3)C(=O)N)NC(=O)C(CC4=CC=C(C=C4)OS(=O)(=O)O)NC(=O)C(CC(=O)O)N,"This molecule contains amide, carboxylic acid, phenyl, and thioether functional groups, in which thioether may be the most influential for causing Hepatobiliary disorders.",40,222
C1CC(N(C1)C(=O)C2CSSCC(C(=O)NC(C(=O)NC(C(=O)NC(C(=O)NC(C(=O)N2)CC(=O)N)CCC(=O)N)CC3=CC=CC=C3)CC4=CC=C(C=C4)O)N)C(=O)NC(CCCN=C(N)N)C(=O)NCC(=O)N,"This molecule contains amide, aromatic ring, disulfide, and thioether functional groups, in which the disulfide may be the most influential for causing Hepatobiliary disorders.",39,223
CC(C)CN(C[C@H]([C@H](CC1=CC=CC=C1)NC(=O)O[C@H]2CO[C@@H]3[C@H]2CCO3)O)S(=O)(=O)C4=CC=C(C=C4)N,"This molecule contains amide, aryl halide, ether, and sulfonamide functional groups, in which sulfonamide may be the most influential for causing Hepatobiliary disorders.",38,182
C1CC[C@H]([C@@H](C1)CN2CCN(CC2)C3=NSC4=CC=CC=C43)CN5C(=O)[C@H]6[C@@H]7CC[C@@H](C7)[C@H]6C5=O,"This molecule contains amine, cyclohexane, lactam, and thiophene functional groups, in which amine may be the most influential for causing Hepatobiliary disorders.",38,182
CCCSC1=NC2=C(C(=N1)N[C@@H]3C[C@H]3C4=CC(=C(C=C4)F)F)N=NN2[C@@H]5C[C@@H]([C@H]([C@H]5O)O)OCCO,"This molecule contains a furanose ring, a pyrimidine ring, a thioether, and a trifluoromethyl group, in which the thioether may be the most influential for causing Hepatobiliary disorders.",48,185
C1CN(CC2=C1SC=C2)CC3=CC=CC=C3Cl,"This molecule contains an alkyl chloride, an aromatic ring, a heterocycle, and a thioether functional groups, in which the alkyl chloride may be the most influential for causing Hepatobiliary disorders.",44,133
Cl[Tl],"This molecule contains a halogen, a metal, and a metal-halide functional group, in which the metal-halide may be the most influential for causing Hepatobiliary disorders.",39,117
CC1=NN=C(N1C2CC3CCC(C2)N3CC[C@@H](C4=CC=CC=C4)NC(=O)C5CCC(CC5)(F)F)C(C)C,"This molecule contains an amide, an aromatic ring, a fluorinated cycloalkane, and a triazole ring, in which the amide may be the most influential for causing Hepatobiliary disorders.",43,163
C[N+](C)(C)CC(CC(=O)O)O,"This molecule contains an amine, an ester, an ether, and a tertiary amine functional groups, in which the tertiary amine may be the most influential for causing Hepatobiliary disorders.",41,130
CN1C2=C(C=C(C=C2)N(CCCl)CCCl)N=C1CCCC(=O)O,"This molecule contains an amide, chloroalkane, ether, and pyridine functional groups, in which chloroalkane may be the most influential for causing Hepatobiliary disorders.",40,141
CCN(CC)C(=O)/C(=C/C1=CC(=C(C(=C1)O)O)[N+](=O)[O-])/C#N.C[C@](CC1=CC(=C(C=C1)O)O)(C(=O)O)NN.C1=CC(=C(C=C1C[C@@H](C(=O)O)N)O)O,"This molecule contains alkyne, amide, aromatic ring, and nitro functional groups, in which nitro may be the most influential for causing Hepatobiliary disorders.",36,209
C(CC(=O)O)CN,"This molecule contains an amine, an alkyl chain, a carboxylic acid, and an ether functional group, in which the carboxylic acid may be the most influential for causing Hepatobiliary disorders.",46,122
C[C@H]1C[C@H]2[C@@H]3C[C@@H](C4=CC(=O)C=C[C@@]4([C@]3([C@H](C[C@@]2([C@]1(C(=O)CCl)O)C)O)F)C)F,"This molecule contains an alkyl halide, an ester, a ketone, and an alcohol functional group, in which the alkyl halide may be the most influential for causing Hepatobiliary disorders.",43,188
CC(C)CN1C=NC2=C1C3=CC=CC=C3N=C2N,"This molecule contains alkyl, amine, aromatic, and triazole functional groups, in which triazole may be the most influential for causing Hepatobiliary disorders.",34,136
CC[C@]12CC[C@H]3[C@H]([C@@H]1CC[C@]2(C#C)O)CCC4=CC(=O)CC[C@H]34.C[C@]12CC[C@H]3[C@H]([C@@H]1CC[C@]2(C#C)O)CCC4=C3C=CC(=C4)O,"This molecule contains alkyne, cyclohexane, ether, and ketone functional groups, in which alkyne may be the most influential for causing Hepatobiliary disorders.",38,204
CC1=CC(=C(N1)C=C2C3=CC=CC=C3NC2=O)C,"This molecule contains an amide, an aromatic ring, an imine, and a vinyl group, in which the amide may be the most influential for causing Hepatobiliary disorders.",38,140
C(CC(=O)O)C(=O)CN,"This molecule contains amine, carboxylic acid, ketone, and secondary carbon functional groups, in which carboxylic acid may be the most influential for causing Hepatobiliary disorders.",41,127
C1C(N(C2=C(N1)NC(=NC2=O)N)C=O)CNC3=CC=C(C=C3)C(=O)NC(CCC(=O)O)C(=O)O,"This molecule contains amide, aromatic ring, carboxylic acid, and triazole functional groups, in which triazole may be the most influential for causing Hepatobiliary disorders.",38,167
CCC12CC(=C)C3C(C1CC[C@]2(C#C)O)CCC4=CC(=O)CCC34.C[C@]12CC[C@H]3[C@H]([C@@H]1CC[C@]2(C#C)O)CCC4=C3C=CC(=C4)O,"This molecule contains alkyne, cyclohexene, ether, and ketone functional groups, in which alkyne may be the most influential for causing Hepatobiliary disorders.",38,191
CN1C(CNC2=C1C(=O)N=C(N2)N)CNC3=CC=C(C=C3)C(=O)NC(CCC(=O)O)C(=O)O,"This molecule contains amide, aromatic ring, carboxylic acid, and triazole functional groups, in which the triazole may be the most influential for causing Hepatobiliary disorders.",39,163
CCCCC(=O)O[C@@]1([C@H](C[C@@H]2[C@@]1(C[C@@H]([C@]3([C@H]2CCC4=CC(=O)C=C[C@@]43C)F)O)C)C)C(=O)CO,"This molecule contains an ester, a ketone, an alcohol, and an alkene functional groups, in which the ester may be the most influential for causing Hepatobiliary disorders.",39,185
CC[C@H](C)[C@@H](C(=O)N[C@@H](CCC(=O)O)C(=O)N[C@@H](CCC(=O)O)C(=O)N[C@@H](CO)C(=O)N[C@@H](CCC(=O)N)C(=O)N[C@@H](CC(=O)N)C(=O)N[C@@H](CCC(=O)N)C(=O)N[C@@H](CCC(=O)N)C(=O)N[C@@H](CCC(=O)O)C(=O)N[C@@H](CCCCN)C(=O)N[C@@H](CC(=O)N)C(=O)N[C@@H](CCC(=O)O)C(=O)N[C@@H](CCC(=O)N)C(=O)N[C@@H](CCC(=O)O)C(=O)N[C@@H](CC(C)C)C(=O)N[C@@H](CC(C)C)C(=O)N[C@@H](CCC(=O)O)C(=O)N[C@@H](CC(C)C)C(=O)N[C@@H](CC(=O)O)C(=O)N[C@@H](CCCCN)C(=O)N[C@@H](CC1=CNC2=CC=CC=C21)C(=O)N[C@@H](C)C(=O)N[C@@H](CO)C(=O)N[C@@H](CC(C)C)C(=O)N[C@@H](CC3=CNC4=CC=CC=C43)C(=O)N[C@@H](CC(=O)N)C(=O)N[C@@H](CC5=CNC6=CC=CC=C65)C(=O)N[C@@H](CC7=CC=CC=C7)C(=O)N)NC(=O)[C@H](CC(C)C)NC(=O)[C@H](CO)NC(=O)[C@H](CC8=CN=CN8)NC(=O)[C@H]([C@@H](C)CC)NC(=O)[C@H](CC(C)C)NC(=O)[C@H](CO)NC(=O)[C@H]([C@@H](C)O)NC(=O)[C@H](CC9=CC=C(C=C9)O)NC(=O)C,"This molecule contains amide, aromatic, ester, and indole functional groups, in which amide may be the most influential for causing Hepatobiliary disorders.",34,705
CCCCCC(C=CC1C(CC(=O)C1CC=CCCCC(=O)O)O)O,"This molecule contains an alcohol group, a carboxylic acid group, a cyclohexane ring, and an olefinic bond, in which the carboxylic acid group may be the most influential for causing Hepatobiliary disorders.",51,141
CCCCCC(C=CC1C(CC2C1CC(=CCCCC(=O)O)O2)O)O,"This molecule contains an alcohol, carboxylic acid, cyclohexane, and double bond functional groups, in which the carboxylic acid may be the most influential for causing Hepatobiliary disorders.",44,142
CCCCCC(C=CC1C(CC(C1CC=CCCCC(=O)O)O)O)O,"This molecule contains an alcohol group, a carboxylic acid group, a cyclohexane ring, and an olefinic group, in which the carboxylic acid group may be the most influential for causing Hepatobiliary disorders.",51,139
CC(=O)O.C(C(C(C(C(C=O)O)O)O)O)O,"This molecule contains acetyl, carboxylic acid, hydroxyl, and ketone functional groups, in which acetyl may be the most influential for causing Hepatobiliary disorders.",39,137
CC(=O)[O-],"This molecule contains an acyl group, a carboxylate group, a methyl group, and an alkyl chain, in which the carboxylate group may be the most influential for causing Hepatobiliary disorders.",46,121
CC(=O)OCC[N+](C)(C)C,"This molecule contains an ester, ether, quaternary ammonium, and ketone functional groups, in which the quaternary ammonium may be the most influential for causing Hepatobiliary disorders.",42,128
C1=NC2=C(C(=N1)N)N=CN2C3C(C(C(O3)CO)O)O,"This molecule contains an amide, an imidazole ring, a pyrimidine ring, and a ribose sugar, in which the imidazole ring may be the most influential for causing Hepatobiliary disorders.",45,144
CCCN(CCC1=CC=CS1)C2CCC3=C(C2)C=CC=C3O,"This molecule contains an alkene, an ether, a thioether, and a tertiary amine functional groups, in which the tertiary amine may be the most influential for causing Hepatobiliary disorders.",42,138
C1=CO[C@@H]([C@H]([C@@H]1O)O)C(=O)O.Cl,"This molecule contains an acetal, a carboxylic acid, an epoxide, and a hemiacetal functional groups, in which the epoxide may be the most influential for causing Hepatobiliary disorders.",44,143
C(C1C(C(C(C(O1)O)O)O)O)O,"This molecule contains alcohol, ether, hemiacetal, and hydroxyl functional groups, in which alcohol may be the most influential for causing Hepatobiliary disorders.",34,132
CCCCCC(C=CC1C(CC(=O)C1CCCCCCC(=O)O)O)O,"This molecule contains carboxylic acid, hydroxyl, ketone, and vinyl functional groups, in which carboxylic acid may be the most influential for causing Hepatobiliary disorders.",41,139
N,"This molecule contains amine, nitrile, and pyridine functional groups, in which nitrile may be the most influential for causing Hepatobiliary disorders.",35,114
CC1=CC2=C(C=C1C(=C)C3=CC=C(C=C3)C(=O)O)C(CCC2(C)C)(C)C,"This molecule contains alkene, aromatic ring, carboxylic acid, and tertiary carbon groups, in which the carboxylic acid may be the most influential for causing Hepatobiliary disorders.",41,154
CC(=O)NCCC1=CC=CC2=C1C=C(C=C2)OC,"This molecule contains an amide, an ether, an aromatic ring, and a ketone functional groups, in which the amide may be the most influential for causing Hepatobiliary disorders.",39,135
C(CC(C(=O)O)N)CN=C(N)N,"This molecule contains an amide, an amine, a carboxylic acid, and a guanidine functional group, in which the amide may be the most influential for causing Hepatobiliary disorders.",44,129
C1=CC=C(C=C1)CO,"This molecule contains an alcohol, an aromatic ring, and an ethylene linkage functional groups, in which the aromatic ring may be the most influential for causing Hepatobiliary disorders.",36,123
C[N+](C)(C)CC(=O)[O-],"This molecule contains an amine, an ester, a quaternary ammonium, and a tertiary carbon, in which the quaternary ammonium may be the most influential for causing Hepatobiliary disorders.",44,129
CC[C@H](C)[C@@H](C(=O)N[C@@H](CC1=CC=C(C=C1)O)C(=O)NCC(=O)NCC(=O)N[C@@H](CS)C(=O)N[C@@H](CCC(=O)O)C(=O)NCC(=O)N[C@@H](CC(=O)N)C(=O)N[C@@H](CCC(=O)N)C(=O)N[C@@H](CC(=O)N)C(=O)N[C@@H](CCCNC(=N)N)C(=O)N[C@@H](CC2=CC=CC=C2)C(=O)N[C@@H](CCC(=O)O)C(=O)N[C@@H](CO)C(=O)N[C@@H](CC(C)C)C(=O)N[C@@H](CCC(=O)O)C(=O)N[C@@H](CCC(=O)O)C(=O)N[C@@H](CS)C(=O)N[C@@H](CCCCN)C(=O)N[C@@H](CCCCN)C(=O)N[C@@H](CCSC)C(=O)N[C@@H](CS)C(=O)N[C@@H]([C@@H](C)O)C(=O)N[C@@H](CCCNC(=N)N)C(=O)N[C@@H](CC(=O)O)C(=O)O)NC(=O)[C@H](CC3=CC=CC=C3)NC(=O)[C@H](CCC(=O)O)NC(=O)[C@H](CCC(=O)O)NC(=O)[C@H](CS)NC(=O)[C@H](CCC(=O)N)NC(=O)[C@H](CCCNC(=N)N)NC(=O)[C@H]([C@@H](C)O)NC(=O)[C@H](CC4=CC=CC=C4)NC(=O)[C@H]([C@@H](C)CC)NC(=O)[C@H](CC(=O)N)NC(=O)[C@H](CC5=CC=CC=C5)NC(=O)[C@H](CC6=CC=CC=C6)NC(=O)[C@H](CC7=CNC8=CC=CC=C87)NC(=O)[C@H](CCCNC(=N)N)NC(=O)[C@@H]9CCCN9C(=O)[C@H](CC1=CN=CN1)NC(=O)[C@H](C)NC(=O)[C@H](C)NC(=O)[C@H](CCCNC(=N)N)NC(=O)[C@H](CS)NC(=O)[C@@H]1CCCN1C(=O)CNC(=O)[C@H](CC(=O)O)NC(=O)[C@H](CC(=O)O)NC(=O)[C@H](C)NC(=O)[C@H](CCCCN)NC(=O)[C@H](CC1=CC=CC=C1)NC(=O)[C@H](C)NC(=O)[C@H](CS)NC(=O)[C@H](CC1=CC=CC=C1)NC(=O)[C@H](CO)NC(=O)[C@H](CC1=CN=CN1)NC(=O)[C@H](CCSC)NC(=O)[C@H](C)NC(=O)[C@H](CCC(=O)O)N,"This molecule contains amide, aromatic, ester, and thioether functional groups, in which amide may be the most influential for causing Hepatobiliary disorders.",35,1000
CCCC1=NC(=C2N1NC(=NC2=O)C3=C(C=CC(=C3)S(=O)(=O)N4CCN(CC4)CC)OCC)C,"This molecule contains an amide, an ether, a sulfonamide, and a triazole ring, in which the sulfonamide may be the most influential for causing Hepatobiliary disorders.",40,164
CN1CC(=O)N2[C@@H](C1=O)CC3=C([C@H]2C4=CC5=C(C=C4)OCO5)NC6=CC=CC=C36,"This molecule contains amide, ether, fused rings, and indole functional groups, in which amide may be the most influential for causing Hepatobiliary disorders.",34,162
I,"This molecule contains an alcohol, an ether, a ketone, and a phenyl group, in which the ketone may be the most influential for causing Hepatobiliary disorders.",37,114
[Ca+2],"This molecule contains a calcium cation, and no other functional groups or significant subgraphs, in which the calcium cation may be the most influential for causing Hepatobiliary disorders.",37,118
C[C@]12CCC(=O)C=C1[C@@H]3C[C@@H]3[C@@H]4[C@@H]2CC[C@]5([C@H]4[C@@H]6C[C@@H]6[C@@]57CCC(=O)O7)C.C[C@]12CC[C@H]3[C@H]([C@@H]1CC[C@]2(C#C)O)CCC4=C3C=CC(=C4)O,"This molecule contains alkyne, aromatic ring, cyclohexane, and lactone functional groups, in which alkyne may be the most influential for causing Hepatobiliary disorders.",39,227
C,"This molecule contains an alkyl group, which may be the most influential for causing Hepatobiliary disorders.",22,114
C1=CC(=CC=C1C(C(CO)NC(=O)C(Cl)Cl)O)[N+](=O)[O-],"This molecule contains an amide, a chloroalkane, a nitro group, and a phenol functional group, in which the chloroalkane may be the most influential for causing Hepatobiliary disorders.",45,148
CC(CCC(=O)O)C1CCC2C1(C(CC3C2C(CC4C3(CCC(C4)O)C)O)O)C,"This molecule contains alcohol, cyclohexane, ketone, and tertiary carbon groups, in which ketone may be the most influential for causing Hepatobiliary disorders.",35,152
CC1=NC=CN1.C1C(O1)CCl,"This molecule contains an epoxide, a halogen, a heteroaromatic ring, and a nitrile functional group, in which the halogen may be the most influential for causing Hepatobiliary disorders.",44,128
C[N+](C)(C)CCO,"This molecule contains an alkyl chain, an ether, a quaternary ammonium, and a secondary alcohol functional groups, in which the quaternary ammonium may be the most influential for causing Hepatobiliary disorders.",46,123
C(C(=O)O)C(CC(=O)O)(C(=O)O)O,"This molecule contains carboxylic acid, ether, hydroxyl, and ketone functional groups, in which carboxylic acid may be the most influential for causing Hepatobiliary disorders.",41,137
[Cl-],"This molecule contains a halide functional group, and the halide may be the most influential for causing Hepatobiliary disorders.",26,117
COC1=CC=C(C=C1)N2C3=C(CCN(C3=O)C4=CC=C(C=C4)N5CCCCC5=O)C(=N2)C(=O)N,"This molecule contains amide, aromatic ring, ether, and piperidone functional groups, in which amide may be the most influential for causing Hepatobiliary disorders.",36,164
CCOC1=CC=CC=C1O[C@H]([C@@H]2CNCCO2)C3=CC=CC=C3,"This molecule contains an ether, a phenol, a piperidine, and a phenyl group, in which the phenol may be the most influential for causing Hepatobiliary disorders.",39,146
C1=CC2=C(C(=C1)Cl)SC=C2COC(CN3C=CN=C3)C4=C(C=C(C=C4)Cl)Cl,"This molecule contains a chlorobenzene ring, an ether linkage, a thioether linkage, and a triazole ring, in which the chlorobenzene ring may be the most influential for causing Hepatobiliary disorders.",47,153
CC1=C(C(C(=C(N1)C)C(=O)OC(C)(C)CN(C)CCC(C2=CC=CC=C2)C3=CC=CC=C3)C4=CC(=CC=C4)[N+](=O)[O-])C(=O)OC,"This molecule contains amide, aromatic rings, ester, and nitro functional groups, in which amide may be the most influential for causing Hepatobiliary disorders.",35,183
C1=CC=C(C(=C1)C(=O)O)O,"This molecule contains a benzene ring, a carboxylic acid group, a hydroxyl group, and a vinyl group, in which the carboxylic acid group may be the most influential for causing Hepatobiliary disorders.",49,132
CC1=CC=CN2C1=NC=C(C2=O)C3=NNN=N3,"This molecule contains an amide, an aromatic ring, a ketone, and a triazole ring, in which the triazole ring may be the most influential for causing Hepatobiliary disorders.",40,137
CC1=CC(=C(C(=C1C=CC(=CC=CC(=CC(=O)O)C)C)C)C)OC,"This molecule contains an aromatic ring, an ether linkage, a phenolic hydroxyl group, and a ketone functional group, in which the ketone functional group may be the most influential for causing Hepatobiliary disorders.",46,151
C1C(C(=O)NO1)N,"This molecule contains an amide, ester, lactam, and oxime functional groups, in which the lactam may be the most influential for causing Hepatobiliary disorders.",37,125
CCN(CC)CCOC(=O)C1=C(C=C(C=C1)N)Cl,"This molecule contains amine, aromatic ring, chlorobenzene, and ester functional groups, in which chlorobenzene may be the most influential for causing Hepatobiliary disorders.",39,135
CCOC1=CC=CC=C1OCCN[C@@H](C)CC2=CC(=C(C=C2)OC)S(=O)(=O)N.Cl,"This molecule contains an amine, an ether, a phenyl ring, and a sulfonamide functional group, in which the sulfonamide may be the most influential for causing Hepatobiliary disorders.",42,154
CC(C(=O)C1=CC(=CC=C1)Cl)NC(C)(C)C,"This molecule contains an amine, an aromatic ring, a ketone, and a tertiary butyl group, in which the aromatic ring may be the most influential for causing Hepatobiliary disorders.",40,137
CC12CCC3C(C1CCC2O)CCC4=C3C=CC(=C4)O,"This molecule contains alcohol, alkene, cyclohexane, and cyclopentane functional groups, in which alcohol may be the most influential for causing Hepatobiliary disorders.",37,137
C(C(C(C(C(CO)O)O)O)O)O,"This molecule contains alcohol, ether, hydroxyl, and primary alcohol functional groups, in which alcohol may be the most influential for causing Hepatobiliary disorders.",33,130
CC[C@@H]([C@H](C)O)N1C(=O)N(C=N1)C2=CC=C(C=C2)N3CCN(CC3)C4=CC=C(C=C4)OCC5C[C@](OC5)(CN6C=NC=N6)C7=C(C=C(C=C7)F)F,"This molecule contains an amine, an ether, a fluoroarene, and a triazole functional groups, in which the triazole may be the most influential for causing Hepatobiliary disorders.",41,194
CC(C)CN(C[C@H]([C@H](CC1=CC=CC=C1)NC(=O)O[C@H]2CCOC2)OP(=O)([O-])[O-])S(=O)(=O)C3=CC=C(C=C3)N.[Ca+2],"This molecule contains amide, aryl, phosphate, and sulfonamide functional groups, in which sulfonamide may be the most influential for causing Hepatobiliary disorders.",36,186
C1=CC=C2C(=C1)C(=O)OC23C4=C(C=C(C=C4)O)OC5=C3C=CC(=C5)O,"This molecule contains benzene rings, ester groups, ether linkages, and hydroxyl groups, in which ester groups may be the most influential for causing Hepatobiliary disorders.",39,156
CCC1=NC=CC(=C1)C(=S)N,"This molecule contains an alkyl chain, an aromatic ring, a thioamide, and a vinyl group, in which the thioamide may be the most influential for causing Hepatobiliary disorders.",41,130
C1C(C(OC1N2C=NC(=NC2=O)N)CO)O,"This molecule contains an ether, hydroxyl, oxolane, and triazole functional groups, in which triazole may be the most influential for causing Hepatobiliary disorders.",37,137
C1=CC=C(C=C1)C2=NC3=C(N=C2N)N=C(N=C3N)N,"This molecule contains aromatic rings, imine groups, and triazine rings, in which aromatic rings may be the most influential for causing Hepatobiliary disorders.",32,141
CC1=C(C(=O)N2CCCC(C2=N1)O)CCN3CCC(CC3)C4=NOC5=C4C=CC(=C5)F,"This molecule contains amide, ether, fluoroarene, and piperidine functional groups, in which amide may be the most influential for causing Hepatobiliary disorders.",37,154
C(CCC(=O)O)CCN,"This molecule contains an amine, an ether, a hydrocarbon chain, and a ketone functional group, in which the ketone may be the most influential for causing Hepatobiliary disorders.",40,124
CC(=O)NC(CS)C(=O)O,"This molecule contains amide, carboxylic acid, thioether, and methyl functional groups, in which the carboxylic acid may be the most influential for causing Hepatobiliary disorders.",42,128
CN1CCC23C4C1CC5=C2C(=C(C=C5)OC)OC3C(C=C4)O,"This molecule contains an ether, a phenol, a tertiary alcohol, and a tetrahydronaphthalene ring system, in which the phenol may be the most influential for causing Hepatobiliary disorders.",45,143
C1=CN(C(=O)N=C1N)C2C(C(C(O2)CO)O)O,"This molecule contains an amide, a cyclic ether, a hydroxyl, and a pyrimidine ring, in which the amide may be the most influential for causing Hepatobiliary disorders.",41,140
C(CS(=O)(=O)O)S,"This molecule contains an alkyl group, a sulfonic acid group, a sulfide group, and a thioether group, in which the sulfonic acid group may be the most influential for causing Hepatobiliary disorders.",46,126
CNC1=CC=C(C=C1)/C=C/C2=CN=C(C=C2)OCCOCCOCC[18F],"This molecule contains an aromatic ring, ether, fluorine, and vinyl groups, in which the fluorine may be the most influential for causing Hepatobiliary disorders.",34,143
CC(C(=O)O)O,"This molecule contains an alkyl group, a carboxylic acid group, a hydroxyl group, and an ether group, in which the carboxylic acid group may be the most influential for causing Hepatobiliary disorders.",49,122
CN1C2=C(C(=O)N(C1=O)C)NC=N2.C[N+](C)(C)CCO,"This molecule contains amide, cyano, imidazole, and quaternary ammonium functional groups, in which quaternary ammonium may be the most influential for causing Hepatobiliary disorders.",42,144
C#CCC(CC1=CN=C2C(=N1)C(=NC(=N2)N)N)C3=CC=C(C=C3)C(=O)N[C@@H](CCC(=O)O)C(=O)O,"This molecule contains amide, carboxylic acid, nitrile, and triazole rings, in which the triazole rings may be the most influential for causing Hepatobiliary disorders.",40,173
C1CC(=O)C(C(=O)C1)C(=O)C2=C(C=C(C=C2)C(F)(F)F)[N+](=O)[O-],"This molecule contains a cyclohexanone, a ketone, a nitro group, and a trifluoromethyl group, in which the cyclohexanone may be the most influential for causing Hepatobiliary disorders.",49,159
C1=CC=C(C=C1)C(=C(C2=CC=CC=C2)C3=CC=C(C=C3)OCCO)CCCl,"This molecule contains alkene, aryl halide, ether, and phenyl functional groups, in which aryl halide may be the most influential for causing Hepatobiliary disorders.",38,150
[H+].[H+].CNC[C@@H]([C@H]([C@@H]([C@@H](CO)O)O)O)O.CNC[C@@H]([C@H]([C@@H]([C@@H](CO)O)O)O)O.C1=CC=C(C=C1)COCC(C(=O)[O-])N(CCN(CCN(CC(=O)[O-])CC(=O)[O-])CC(=O)[O-])CC(=O)[O-].[Gd+3],"This molecule contains amide, aromatic ring, ether, and hydroxyl functional groups, in which amide may be the most influential for causing Hepatobiliary disorders.",35,241
CN1C[C@@H]2C(C1)C3=CC=CC=C3OC4=C2C=C(C=C4)Cl,"This molecule contains a chlorobenzene ring, an ether linkage, a tetrahydroquinoline core, and a tertiary amine, in which the tetrahydroquinoline core may be the most influential for causing Hepatobiliary disorders.",50,144
CS(=O)C,"This molecule contains a carbonyl group, a sulfide group, and a thioester group, in which the thioester may be the most influential for causing Hepatobiliary disorders.",40,119
C1=CC(=C(C=C1CCN)O)O,"This molecule contains an amine, an aromatic ring, and two hydroxyl groups, in which the aromatic ring may be the most influential for causing Hepatobiliary disorders.",36,129
CC12CCC3C(C1CCC2=O)CCC4=C3C=CC(=C4)O,"This molecule contains a cyclohexenone ring, an enol group, a phenolic hydroxyl, and a steroid backbone, in which the cyclohexenone ring may be the most influential for causing Hepatobiliary disorders.",50,138
CC12CCC3C(C1CCC2=O)CCC4=C3C=CC(=C4)OS(=O)(=O)O,"This molecule contains a cyclohexenone, phenol, sulfonate, and tertiary carbon groups, in which sulfonate may be the most influential for causing Hepatobiliary disorders.",40,146
C(CO)N,"This molecule contains an amine, an alkyl chain, and a hydroxyl group, in which the hydroxyl group may be the most influential for causing Hepatobiliary disorders.",39,118
C[C@]12CC[C@H]3[C@H]([C@@H]1CC[C@@H]2O)CCC4=C3C=CC(=C4)O.C[C@]12CC[C@H]3[C@H]([C@@H]1C[C@H]([C@@H]2O)O)CCC4=C3C=CC(=C4)O,"This molecule contains alcohol, cyclohexane, phenol, and tetrahydrofuran functional groups, in which alcohol may be the most influential for causing Hepatobiliary disorders.",38,204
CC(C)OC(=O)CCCC=CC[C@H]1[C@H](C[C@H]([C@@H]1C=CC(COC2=CC=CC(=C2)C(F)(F)F)O)O)O,"This molecule contains an alkoxy group, an ester group, an ether group, and a phenyl ring with a trifluoromethyl substituent, in which the ester group may be the most influential for causing Hepatobiliary disorders.",52,171
CC(=O)OC1=CC=CC=C1C(=O)NC2=NC=C(S2)[N+](=O)[O-],"This molecule contains an amide, an ester, a nitro group, and a thiazole ring, in which the nitro group may be the most influential for causing Hepatobiliary disorders.",42,148
CN(C)CCC1=CNC2=C1C=C(C=C2)CS(=O)(=O)N3CCCC3,"This molecule contains an amine, an aromatic ring, a sulfonamide, and a tertiary amine functional groups, in which the sulfonamide may be the most influential for causing Hepatobiliary disorders.",43,141
C1(C(C(C(C(C1Cl)Cl)Cl)Cl)Cl)Cl,"This molecule contains alkyl halide functional groups, in which alkyl halide may be the most influential for causing Hepatobiliary disorders.",29,132
C1CC2C(=O)NC(CSSCCC(=O)NC(C(=O)NCC(=O)NC(C(=O)NC(C(=O)N2C1)CC3=CNC4=CC=CC=C43)CC(=O)O)CCCCN=C(N)N)C(=O)N,"This molecule contains amide, carboxylic acid, disulfide, and guanidine functional groups, in which disulfide may be the most influential for causing Hepatobiliary disorders.",41,191
CO[C@@H]1[C@@H]([C@H]([C@@H]([C@H](O1)COS(=O)(=O)[O-])O[C@H]2[C@@H]([C@H]([C@@H]([C@@H](O2)C(=O)[O-])O[C@@H]3[C@@H]([C@H](C([C@H](O3)COS(=O)(=O)[O-])O[C@H]4[C@@H]([C@H]([C@@H]([C@H](O4)C(=O)[O-])O[C@@H]5[C@@H]([C@H]([C@@H]([C@H](O5)COS(=O)(=O)[O-])O)O)NS(=O)(=O)[O-])O)O)OS(=O)(=O)[O-])NS(=O)(=O)[O-])O)OS(=O)(=O)[O-])O)NS(=O)(=O)[O-].[Na+].[Na+].[Na+].[Na+].[Na+].[Na+].[Na+].[Na+].[Na+].[Na+],"This molecule contains ether, hydroxyl, sulfonate, and carboxylate functional groups, in which sulfonate may be the most influential for causing Hepatobiliary disorders.",39,397
CCC(=O)N(C1=CC=CC=C1)C2(CCN(CC2)CCC3=CC=CS3)COC,"This molecule contains an amide, an ether, a thioether, and a tertiary amine functional groups, in which the amide may be the most influential for causing Hepatobiliary disorders.",41,145
CC1CCC2CC(C(=CC=CC=CC(CC(C(=O)C(C(C(=CC(C(=O)CC(OC(=O)C3CCCCN3C(=O)C(=O)C1(O2)O)C(C)CC4CCC(C(C4)OC)OC(=O)C(C)(CO)CO)C)C)O)OC)C)C)C)OC,"This molecule contains ester, ether, ketone, and tertiary amine functional groups, in which ketone may be the most influential for causing Hepatobiliary disorders.",35,211
CC(C)(C)[C@@H](C(=O)N[C@@H](CC1=CC=CC=C1)[C@H](CN(CC2=CC=C(C=C2)C3=CC=CC=N3)NC(=O)[C@H](C(C)(C)C)NC(=O)OC)O)NC(=O)OC,"This molecule contains amide, aromatic, ether, and hydroxyl functional groups, in which amide may be the most influential for causing Hepatobiliary disorders.",34,195
C(CC(=O)N)C(C(=O)O)N,"This molecule contains amide, amine, carboxylic acid, and ketone functional groups, in which the carboxylic acid may be the most influential for causing Hepatobiliary disorders.",42,130
CC1=NC=C(C=C1)C2=NC=C(C=C2C3=CC=C(C=C3)S(=O)(=O)C)Cl,"This molecule contains benzene rings, chloro groups, sulfone groups, and triazole rings, in which sulfone groups may be the most influential for causing Hepatobiliary disorders.",38,150
C[C@@H]1C[C@H]2C3CCC4=CC(=O)C=C[C@@]4([C@]3([C@H](C[C@@]2([C@]1(C(=O)CCl)O)C)O)Cl)C,"This molecule contains a chloroethyl ester group, a cyclohexanol group, a cyclopentane group, and a ketone group, in which the chloroethyl ester group may be the most influential for causing Hepatobiliary disorders.",53,178
C[C@]12CCC(=O)C=C1C[C@H](C3[C@]24C(O4)C[C@]5([C@H]3CC[C@@]56CCC(=O)O6)C)C(=O)OC,"This molecule contains cyclohexane rings, ester groups, ketone groups, and lactone rings, in which the ester groups may be the most influential for causing Hepatobiliary disorders.",41,173
CC1=C2C(=C(N(C1=O)C)NC3=C(C=C(C=C3)I)F)C(=O)N(C(=O)N2C4=CC(=CC=C4)NC(=O)C)C5CC5,"This molecule contains amide, aromatic ring, ketone, and pyrrolidine functional groups, in which amide may be the most influential for causing Hepatobiliary disorders.",37,176
CCC(C)CC(C)CCCCCCCCC(=O)N[C@H]1C[C@@H]([C@H](NC(=O)C2[C@H](CCN2C(=O)[C@@H](NC(=O)[C@@H](NC(=O)[C@@H]3C[C@H](CN3C(=O)[C@@H](NC1=O)[C@@H](C)O)O)[C@@H]([C@H](C4=CC=C(C=C4)O)O)O)[C@@H](CCN)O)O)NCCN)O.CC(=O)O.CC(=O)O,"This molecule contains amide, ester, ether, and phenol functional groups, in which amide may be the most influential for causing Hepatobiliary disorders.",34,269
C(C(=O)O)N,"This molecule contains amide, carboxylic acid, and primary amine functional groups, in which the carboxylic acid may be the most influential for causing Hepatobiliary disorders.",40,122
COC1=C(C=C2C(=C1)N=CN=C2NC3=CC(=C(C=C3)F)Cl)OCCCN4CCOCC4,"This molecule contains an ether, a halogen-substituted aromatic ring, a morpholine ring, and a triazole ring, in which the halogen-substituted aromatic ring may be the most influential for causing Hepatobiliary disorders.",49,154
C(C(CO)O)O,"This molecule contains alcohol, ether, hydroxyl, and primary alcohol functional groups, in which alcohol may be the most influential for causing Hepatobiliary disorders.",33,121
CC(=O)O[C@]1(CC[C@@H]2[C@@]1(CC[C@H]3[C@H]2CCC4=CC(=O)CC[C@H]34)C)C#C.C[C@]12CC[C@H]3[C@H]([C@@H]1CC[C@@H]2O)CCC4=C3C=CC(=C4)O.C[C@]12CC[C@H]3[C@H]([C@@H]1C[C@H]([C@@H]2O)O)CCC4=C3C=CC(=C4)O,"This molecule contains acetylene, cyclohexane, ester, and phenol functional groups, in which ester may be the most influential for causing Hepatobiliary disorders.",38,255
C1C[C@H]2CN(C(=O)C3=C2C(=CC=C3)C1)[C@@H]4CN5CCC4CC5,"This molecule contains a benzene ring, cyclohexane, ketone, and piperidine functional groups, in which the ketone may be the most influential for causing Hepatobiliary disorders.",41,152
C(=O)(O)O,"This molecule contains a carboxyl group, a carbonyl group, and hydroxyl groups, in which the carboxyl group may be the most influential for causing Hepatobiliary disorders.",41,121
C[C@H](C1=CC=CC2=CC=CC=C21)NCCCC3=CC(=CC=C3)C(F)(F)F.Cl,"This molecule contains an amine, an aromatic ring, a chlorobenzene, and a trifluoromethyl group, in which the amine may be the most influential for causing Hepatobiliary disorders.",44,150
CC(=O)NC1C(C(C(OC1O)COS(=O)(=O)O)OC2C(C(C(C(O2)C(=O)O)OC3C(C(C(C(O3)CO)OC4C(C(C(C(O4)C(=O)O)O)O)OS(=O)(=O)O)OS(=O)(=O)O)NS(=O)(=O)O)O)OS(=O)(=O)O)O,"This molecule contains acetal, amide, carboxylic acid, and sulfonate functional groups, in which sulfonate may be the most influential for causing Hepatobiliary disorders.",40,229
C1=C(NC=N1)CCN,"This molecule contains an amine, an imine, a pyrimidine ring, and a secondary amine, in which the pyrimidine ring may be the most influential for causing Hepatobiliary disorders.",43,123
CCCCC(=O)OCC(=O)[C@]1(C[C@@H](C2=C(C3=C(C(=C2C1)O)C(=O)C4=C(C3=O)C(=CC=C4)OC)O)OC5CC(C(C(O5)C)O)NC(=O)C(F)(F)F)O,"This molecule contains an ester, a ketone, an ether, and a perfluoroalkyl functional group, in which the perfluoroalkyl may be the most influential for causing Hepatobiliary disorders.",45,199
C1=CC(=CC=C1O)O,"This molecule contains a benzene ring, hydroxyl groups, and a phenol functional group, in which phenol may be the most influential for causing Hepatobiliary disorders.",37,125
CCOC1=C(C2=CC=CC=C2C=C1)C(=O)N[C@H]3[C@@H]4N(C3=O)[C@H](C(S4)(C)C)C(=O)O,"This molecule contains an ester, a ketone, a lactam, and a thiolactone functional groups, in which the thiolactone may be the most influential for causing Hepatobiliary disorders.",44,169
[K+],"This molecule contains an ionic group, in which the ionic group may be the most influential for causing Hepatobiliary disorders.",27,116
C[C@@H]1[C@H]([C@@H]([C@H]([C@H](O1)O[C@@H]2[C@H](O[C@@H]([C@@H]([C@H]2O)O)O[C@@H]3[C@H](OC([C@@H]([C@H]3O)O)O)CO)CO)O)O)N[C@H]4C=C([C@H]([C@@H]([C@H]4O)O)O)CO,"This molecule contains alcohol, amine, ether, and hemiacetal functional groups, in which alcohol may be the most influential for causing Hepatobiliary disorders.",33,238
C1C(C(C(C(C1N)OC2C(C(C(C(O2)CN)O)O)O)O)OC3C(C(C(C(O3)CO)O)N)O)N,"This molecule contains amine, ether, hemiacetal, and hydroxyl functional groups, in which amine may be the most influential for causing Hepatobiliary disorders.",36,160
CC1=CC(=CC=C1)NC2=C(C=NC=C2)S(=O)(=O)NC(=O)NC(C)C,"This molecule contains amide, aromatic ring, sulfonamide, and thiazole functional groups, in which sulfonamide may be the most influential for causing Hepatobiliary disorders.",38,149
C1CC(N(C1)C(=O)CNC23CC4CC(C2)CC(C4)(C3)O)C#N,"This molecule contains an amide, a cyclohexane, a nitrile, and a tetrahydrofuran functional group, in which the amide may be the most influential for causing Hepatobiliary disorders.",46,146
CNCC(C1=CC(=C(C=C1)O)O)O,"This molecule contains an amine, an ether, a hydroxyl, and a phenol functional groups, in which the phenol may be the most influential for causing Hepatobiliary disorders.",40,131
CCC#CC(C)C1(C(=O)NC(=O)N(C1=O)C)CC=C,"This molecule contains an alkene, an amide, a ketone, and a nitrile functional groups, in which the nitrile may be the most influential for causing Hepatobiliary disorders.",42,140
C(P(=O)(O)O)(P(=O)(O)O)(Cl)Cl,"This molecule contains chloro, diethyl phosphate, and phosphonate functional groups, in which chloro may be the most influential for causing Hepatobiliary disorders.",34,135
C1=C(C=C(C(=C1I)OC2=CC(=C(C(=C2)I)O)I)I)CC(C(=O)O)N,"This molecule contains an amide, carboxylic acid, ethers, and iodobenzenes functional groups, in which the iodobenzenes may be the most influential for causing Hepatobiliary disorders.",45,155
C1=CC(=C(C=C1OC2=C(C=C(C=C2I)CC(C(=O)O)N)I)I)O,"This molecule contains an amide, an ether, an iodobenzene, and a phenol functional groups, in which the iodobenzene may be the most influential for causing Hepatobiliary disorders.",43,148
[Mg+2],"This molecule contains a cationic group, and no other functional groups or significant subgraphs, in which the cationic group may be the most influential for causing Hepatobiliary disorders.",39,119
CC(=O)NCCC1=CNC2=C1C=C(C=C2)OC,"This molecule contains an amide, an ether, an indole, and a phenyl functional group, in which the amide may be the most influential for causing Hepatobiliary disorders.",39,133
CCNC(=NCCCC[C@H](C(=O)N[C@@H](CC(C)C)C(=O)N[C@@H](CCCCN=C(NCC)NCC)C(=O)N1CCC[C@H]1C(=O)N[C@H](C)C(=O)N)NC(=O)[C@H](CC2=CC=C(C=C2)O)NC(=O)[C@H](CO)NC(=O)[C@@H](CC3=CN=CC=C3)NC(=O)[C@@H](CC4=CC=C(C=C4)Cl)NC(=O)[C@@H](CC5=CC6=CC=CC=C6C=C5)NC(=O)C)NCC,"This molecule contains amide, aromatic ring, ether, and thioether functional groups, in which the aromatic ring may be the most influential for causing Hepatobiliary disorders.",36,291
[Na+],"This molecule contains an ionic group, a metal cation, a sodium atom, and a monatomic ion, in which the ionic group may be the most influential for causing Hepatobiliary disorders.",42,116
C1=CC(=C(C=C1C[C@@H](C(=O)O)N)O)O.C1=CC(=C(C(=C1CNNC(=O)C(CO)N)O)O)O,"This molecule contains amine, aromatic rings, carboxylic acid, and hydroxyl functional groups, in which carboxylic acid may be the most influential for causing Hepatobiliary disorders.",42,169
C1=CC(=CN=C1)C(=O)[O-],"This molecule contains an aromatic ring, a carboxylate group, an imine, and a vinyl group, in which the carboxylate group may be the most influential for causing Hepatobiliary disorders.",44,131
CCO.C[C@@H]1C2C(C3[C@@H](C(=O)C(=C([C@]3(C(=O)C2=C(C4=C1C=CC=C4O)O)O)O)C(=O)N)N(C)C)O.C[C@@H]1C2C(C3[C@@H](C(=O)C(=C([C@]3(C(=O)C2=C(C4=C1C=CC=C4O)O)O)O)C(=O)N)N(C)C)O.O.Cl.Cl,"This molecule contains amide, aromatic ring, ether, and ketone functional groups, in which amide may be the most influential for causing Hepatobiliary disorders.",34,252
CN1CCCC1C2=CN=CC=C2,"This molecule contains an amine, a cyclohexane, a pyridine, and a vinyl group, in which the pyridine may be the most influential for causing Hepatobiliary disorders.",42,125
N(=O)[O-],"This molecule contains a nitroso group, an oxo group, and an oxyanion, in which the nitroso group may be the most influential for causing Hepatobiliary disorders.",40,121
N#[N+][O-],"This molecule contains azide, nitroso, and nitro functional groups, in which azide may be the most influential for causing Hepatobiliary disorders.",33,121
CC(=O)[O-].[Na+],"This molecule contains an alkyl group, a carboxylate group, a metal cation, and an oxygen atom, in which the carboxylate group may be the most influential for causing Hepatobiliary disorders.",46,123
C1=CC(=C(C=C1C(CN)O)O)O,"This molecule contains an amine, an ether, a hydroxyl, and a phenyl functional group, in which the amine may be the most influential for causing Hepatobiliary disorders.",40,132
[OH-],"This molecule contains a hydroxyl group, in which the hydroxyl may be the most influential for causing Hepatobiliary disorders.",28,117
FS(F)(F)(F)(F)F,"This molecule contains a perfluoroalkyl group, and a sulfide group, in which the perfluoroalkyl may be the most influential for causing Hepatobiliary disorders.",38,123
OP(=O)(O)[O-],"This molecule contains an anion, a phosphate group, and a phosphonate group, in which the phosphate group may be the most influential for causing Hepatobiliary disorders.",36,123
CN[C@@H]1CCC2=C(C1)C3=C(N2)C=CC(=C3)C(=O)N,"This molecule contains an amide, an aromatic ring, a cyano group, and a piperidine ring, in which the amide may be the most influential for causing Hepatobiliary disorders.",41,145
C[C@H](C(=O)N1CCC[C@H]1C(=O)O)N[C@@H](CCC2=CC=CC=C2)C(=O)O,"This molecule contains amide, aromatic ring, carboxylic acid, and secondary amine functional groups, in which the aromatic ring may be the most influential for causing Hepatobiliary disorders.",40,158
CC/C=C\C/C=C\C/C=C\C/C=C\C/C=C\CCCC(=O)OCC.CC/C=C\C/C=C\C/C=C\C/C=C\C/C=C\C/C=C\CCC(=O)OCC,"This molecule contains alkene, ester, ether, and hydrocarbon chain functional groups, in which ester may be the most influential for causing Hepatobiliary disorders.",35,163
C1CN(CCN1CCCCC2=CNC3=C2C=C(C=C3)C#N)C4=CC5=C(C=C4)OC(=C5)C(=O)N.Cl,"This molecule contains an amide, an aromatic ring, a cyano group, and a piperazine ring, in which the amide may be the most influential for causing Hepatobiliary disorders.",41,160
C=CC1=C(N2[C@@H]([C@@H](C2=O)NC(=O)C(=NO)C3=CSC(=N3)N)SC1)C(=O)O,"This molecule contains amide, ester, imine, and thiazole functional groups, in which thiazole may be the most influential for causing Hepatobiliary disorders.",37,164
C[C@H](C=C[C@H](C)C(C)(C)O)[C@H]1CC[C@@H]2[C@@]1(CCCC2=CC=C3C[C@H](C[C@@H](C3)O)O)C,"This molecule contains alcohol, alkene, cyclohexene, and cyclopentane functional groups, in which alcohol may be the most influential for causing Hepatobiliary disorders.",37,173
C1=CN=C(C=N1)C(=O)N,"This molecule contains an amide, an imidazole ring, and a nitrile functional group, in which the imidazole ring may be the most influential for causing Hepatobiliary disorders.",41,128
CC1=NC=C(C(=C1O)CO)CO,"This molecule contains alcohol, ether, hydroxyl, and pyridine functional groups, in which pyridine may be the most influential for causing Hepatobiliary disorders.",36,128
COC1=CC2=C(C=CN=C2C=C1)C(C3CC4CCN3CC4C=C)O,"This molecule contains an ether, a phenol, a pyridine, and a tertiary amine functional groups, in which the phenol may be the most influential for causing Hepatobiliary disorders.",41,143
CC1=C(C(CCC1)(C)C)C=CC(=CC=CC(=CCO)C)C,"This molecule contains alkene, aromatic ring, ether, and tertiary carbon groups, in which alkene may be the most influential for causing Hepatobiliary disorders.",33,141
CCC(=O)OC1([C@@H](C[C@@H]2[C@@]1(C[C@@H](C3([C@H]2C[C@@H](C4=CC(=O)C=C[C@@]43C)F)F)O)C)C)C(=O)SCF.C1=CC=C(C=C1)CCCCOCCCCCCNCC(C2=CC(=C(C=C2)O)CO)O,"This molecule contains an ester, ether, ketone, and phenol functional groups, in which the ester may be the most influential for causing Hepatobiliary disorders.",36,216
CC[C@H](C)[C@@H](C(=O)N[C@@H](CCC(=O)O)C(=O)N[C@@H](CC1=CNC2=CC=CC=C21)C(=O)N[C@@H](CC(C)C)C(=O)N[C@@H](CCCCN)C(=O)N[C@@H](CC(=O)N)C(=O)NCC(=O)NCC(=O)N3CCC[C@H]3C(=O)N[C@@H](CO)C(=O)N[C@@H](CO)C(=O)NCC(=O)N[C@@H](C)C(=O)N4CCC[C@H]4C(=O)N5CCC[C@H]5C(=O)N[C@@H](CO)C(=O)N[C@@H](CCCCN)C(=O)N[C@@H](CCCCN)C(=O)N[C@@H](CCCCN)C(=O)N[C@@H](CCCCN)C(=O)N[C@@H](CCCCN)C(=O)N[C@@H](CCCCN)C(=O)N)NC(=O)[C@H](CC6=CC=CC=C6)NC(=O)[C@H](CC(C)C)NC(=O)[C@H](CCCNC(=N)N)NC(=O)[C@H](C(C)C)NC(=O)[C@H](C)NC(=O)[C@H](CCC(=O)O)NC(=O)[C@H](CCC(=O)O)NC(=O)[C@H](CCC(=O)O)NC(=O)[C@H](CCSC)NC(=O)[C@H](CCC(=O)N)NC(=O)[C@H](CCCCN)NC(=O)[C@H](CO)NC(=O)[C@H](CC(C)C)NC(=O)[C@H](CC(=O)O)NC(=O)[C@H](CO)NC(=O)[C@H]([C@@H](C)O)NC(=O)[C@H](CC7=CC=CC=C7)NC(=O)[C@H]([C@@H](C)O)NC(=O)CNC(=O)[C@H](CCC(=O)O)NC(=O)CNC(=O)[C@H](CC8=CN=CN8)N,"This molecule contains amide, aromatic, ester, and thioether functional groups, in which amide may be the most influential for causing Hepatobiliary disorders.",35,712
C[C@@H]1C[C@H]2[C@@H]3C[C@@H](C4=CC(=O)C=C[C@@]4(C3([C@H](C[C@@]2([C@]1(C(=O)COC(=O)C(C)(C)C)O)C)O)F)C)F.C1=CC2=C(C(=C(C=C2Cl)I)O)N=C1,"This molecule contains an ester, a halogenated aromatic ring, a ketone, and an oxazole ring, in which the halogenated aromatic ring may be the most influential for causing Hepatobiliary disorders.",45,217
CC1=CC(=NC(=N1)OC(C(=O)O)C(C2=CC=CC=C2)(C3=CC=CC=C3)OC)C,"This molecule contains an amide, an ester, an ether, and a triazole ring, in which the triazole ring may be the most influential for causing Hepatobiliary disorders.",39,155
C(C[Ge](=O)O[Ge](=O)CCC(=O)O)C(=O)O,"This molecule contains acetal, carboxylic acid, ester, and ketone functional groups, in which carboxylic acid may be the most influential for causing Hepatobiliary disorders.",41,141
C1C[N+]2(CCC1(CC2)C(C3=CC=CC=C3)(C4=CC=CC=C4)O)CCOCC5=CC=CC=C5.[Br-],"This molecule contains an aromatic ring, ether, quaternary ammonium, and tertiary amine functional groups, in which the quaternary ammonium may be the most influential for causing Hepatobiliary disorders.",43,160
CC(C(C1CNC2=C(N1)C(=O)N=C(N2)N)O)O,"This molecule contains amide, ether, hydroxyl, and imidazole functional groups, in which imidazole may be the most influential for causing Hepatobiliary disorders.",37,139
C(COC[C@@H]1[C@H]([C@@H]([C@H]([C@H](O1)OCCO)OCCO)OCCO)OCCO)O.C([C@@H]1[C@H]([C@@H]([C@H]([C@H](O1)O)O)O)O)O,"This molecule contains acetal, ether, hemiacetal, and hydroxyl functional groups, in which acetal may be the most influential for causing Hepatobiliary disorders.",36,198
CC1=C(SC=[N+]1CC2=CN=C(N=C2N)C)CCO,"This molecule contains an ether, a thiazole, a triazole, and an amine functional group, in which the thiazole may be the most influential for causing Hepatobiliary disorders.",41,135
CC1=CN(C(=O)NC1=O)C2CC(C(O2)CO)O,"This molecule contains an amide, a cyclic ether, a furanose, and a hydroxyl group, in which the amide may be the most influential for causing Hepatobiliary disorders.",41,137
CCCC1=C2C(=CC3=C1OC(=CC3=O)C(=O)O)C(=O)C=C(N2CC)C(=O)O,"This molecule contains a carboxylic acid, ester, ketone, and pyridine functional groups, in which the pyridine may be the most influential for causing Hepatobiliary disorders.",42,157
C(C(F)(F)F)(OC(F)F)F,"This molecule contains an alkyl fluoride, an ether, a perfluoroalkyl, and a tertiary carbon functional groups, in which the perfluoroalkyl may be the most influential for causing Hepatobiliary disorders.",46,127
C(C(C(=O)O)S)(C(=O)O)S,"This molecule contains carboxylic acid, sulfide, sulfide, and thioester functional groups, in which sulfide may be the most influential for causing Hepatobiliary disorders.",39,132
C[C@H](C(=O)N)NC(=O)[C@@H]1CCCN1C(=O)[C@H](CCCCNC(C)C)NC(=O)[C@H](CC(C)C)NC(=O)[C@@H](CC(=O)N)NC(=O)[C@H](CC2=CC=C(C=C2)O)N(C)C(=O)[C@H](CO)NC(=O)[C@@H](CC3=CN=CC=C3)NC(=O)[C@@H](CC4=CC=C(C=C4)Cl)NC(=O)[C@@H](CC5=CC6=CC=CC=C6C=C5)NC(=O)C,"This molecule contains amide, aromatic ring, ether, and piperidine functional groups, in which amide may be the most influential for causing Hepatobiliary disorders.",35,285
CN1CCC(CC1)COC2=C(C=C3C(=C2)N=CN=C3NC4=C(C=C(C=C4)Br)F)OC,"This molecule contains an amine, an ether, a halogenated aromatic ring, and an imidazole ring, in which the halogenated aromatic ring may be the most influential for causing Hepatobiliary disorders.",45,151
CCCCCCCCCCNCCN[C@]1(C[C@@H](O[C@H]([C@H]1O)C)O[C@@H]2[C@H]([C@@H]([C@H](O[C@H]2OC3=C4C=C5C=C3OC6=C(C=C(C=C6)[C@H]([C@H](C(=O)N[C@H](C(=O)N[C@H]5C(=O)N[C@@H]7C8=CC(=C(C=C8)O)C9=C(C(=C(C=C9[C@H](NC(=O)[C@H]([C@@H](C1=CC(=C(O4)C=C1)Cl)O)NC7=O)C(=O)O)O)CNCP(=O)(O)O)O)CC(=O)N)NC(=O)[C@@H](CC(C)C)NC)O)Cl)CO)O)O)C,"This molecule contains amide, chlorophenol, ether, and phosphate functional groups, in which chlorophenol may be the most influential for causing Hepatobiliary disorders.",37,348
CC(=O)[C@]1(CC[C@@H]2[C@@]1(CC[C@H]3[C@H]2C=C(C4=CC(=O)[C@@H]5CC5[C@]34C)Cl)C)OC(=O)C.C[C@]12CC[C@H]3[C@H]([C@@H]1CC[C@]2(C#C)O)CCC4=C3C=CC(=C4)O,"This molecule contains acetylene, cyclohexene, ester, and phenol functional groups, in which ester may be the most influential for causing Hepatobiliary disorders.",38,221
CC(CC1=CC=CC=C1)NC,"This molecule contains an alkane, an amine, an aromatic ring, and an ethyl group, in which the amine may be the most influential for causing Hepatobiliary disorders.",39,124
C1CC2=C(C=CC(=C2)Cl)C(=C3CCNCC3)C4=C1C=CC=N4,"This molecule contains a chlorobenzene ring, a pyridine ring, an alkene, and a secondary amine, in which the chlorobenzene may be the most influential for causing Hepatobiliary disorders.",46,147
CN1C2=C(C(=O)N(C1=O)C)NC=N2.CN1C2=C(C(=O)N(C1=O)C)NC=N2.C(CN)N,"This molecule contains amide, cyano, imidazole, and pyrimidine functional groups, in which cyano may be the most influential for causing Hepatobiliary disorders.",37,161
C1CC(CCC1C2=CC=C(C=C2)Cl)C3=C(C4=CC=CC=C4C(=O)C3=O)O,"This molecule contains a benzene ring, a chlorobenzene ring, a cyclohexane ring, and a lactone, in which the lactone may be the most influential for causing Hepatobiliary disorders.",45,152
C[C@H]([C@@H](C(=O)N[C@@H](CC(C)C)C(=O)N[C@@H](CCC(=O)N)C(=O)N[C@@H](CC(=O)O)C(=O)N1CCC[C@H]1C(=O)N[C@@H](CCCNC(=N)N)C(=O)N[C@@H](C(C)C)C(=O)OC(=O)CNC(=O)CNC(=O)[C@H](C)NC(=O)[C@@H]2CCCN2C(=O)[C@H](CC3=CC=CC=C3)NC(=O)[C@H](CC4=CC=C(C=C4)O)NC(=O)[C@H](CC(C)C)NC(=O)CNC(=O)[C@H](CCCNC(=N)N)N)NC(=O)[C@H](CCC(=O)N)NC(=O)[C@H](CC5C=NC=N5)NC(=O)[C@H](CC6=CC=CC=C6)NC(=O)[C@H]([C@@H](C)O)NC(=O)[C@H]([C@@H](C)O)NC(=O)[C@H](CO)NC(=O)[C@H](CC(=O)N)NC(=O)[C@H](CC7=CNC8=CC=CC=C87)NC(=O)[C@H](CCC(=O)N)NC(=O)[C@H](CCSC)N)O,"This molecule contains amide, aromatic ring, thioether, and urea functional groups, in which amide may be the most influential for causing Hepatobiliary disorders.",36,502
C[C@@H](CC1=CC2=C(C(=C1)C(=O)N)N(CC2)CCCO)NCCOC3=CC=CC=C3OCC(F)(F)F,"This molecule contains an amine, an ether, a fluoroalkyl group, and a ketone functional group, in which the fluoroalkyl group may be the most influential for causing Hepatobiliary disorders.",45,161
CCC1/C=C(/C(C/C=C/C=C(\C(=O)OC(C/C=C(/C=C(/C1OC2C(C(C(C(O2)(C)C)OC(=O)C(C)C)O)O)\C)\C)C(C)O)/COC3C(C(C(C(O3)C)OC(=O)C4=C(C(=C(C(=C4O)Cl)O)Cl)CC)O)OC)O)\C,"This molecule contains chlorophenol, ester, ether, and hydroxyl functional groups, in which chlorophenol may be the most influential for causing Hepatobiliary disorders.",39,222
CC(C1=CC2=C(C=C1)C=C(C=C2)OC)C(=O)[O-].[Na+],"This molecule contains an ether, a phenyl ring, a sodium cation, and a carboxylate anion functional groups, in which the carboxylate anion may be the most influential for causing Hepatobiliary disorders.",49,142
COC1=C(C=C(C=C1)CCO[C@@H]2CCCC[C@H]2N3CC[C@H](C3)O)OC.Cl,"This molecule contains an ether, a morpholine, a phenyl ring, and a tertiary amine functional groups, in which the tertiary amine may be the most influential for causing Hepatobiliary disorders.",42,150
C1[C@H](SC(=C(C#N)N2C=CN=C2)S1)C3=C(C=C(C=C3)Cl)Cl,"This molecule contains a chlorobenzene ring, cyano group, dithiolane ring, and pyrimidine ring, in which the dithiolane ring may be the most influential for causing Hepatobiliary disorders.",47,150
CCCCC1=NC2(CCCC2)C(=O)N1CC3=CC=C(C=C3)C4=CC=CC=C4C5=NNN=N5.C1NC2=CC(=C(C=C2S(=O)(=O)N1)S(=O)(=O)N)Cl,"This molecule contains an amide, an azide, a benzene ring, and a sulfonamide functional groups, in which the sulfonamide may be the most influential for causing Hepatobiliary disorders.",43,188
CC[C@H](C)[C@@H](C(=O)N[C@@H]([C@@H](C)O)C(=O)N[C@@H](CC(=O)O)C(=O)O)NC(=O)[C@H](CCCCN)NC(=O)[C@H]([C@@H](C)O)NC(=O)[C@H](CCC(=O)N)NC(=O)[C@H]([C@@H](C)CC)NC(=O)[C@H](CC(C)C)NC(=O)[C@H](CC1=CNC2=CC=CC=C21)NC(=O)[C@H](CC(=O)N)NC(=O)[C@H]([C@@H](C)CC)NC(=O)[C@H](CC3=CC=CC=C3)NC(=O)[C@H](CC(=O)O)NC(=O)[C@H](CCCNC(=N)N)NC(=O)[C@H](C)NC(=O)[C@H](C)NC(=O)[C@H](CC(C)C)NC(=O)[C@H](CC(=O)N)NC(=O)[C@H](CC(=O)O)NC(=O)[C@H](CC(C)C)NC(=O)[C@H]([C@@H](C)CC)NC(=O)[C@H]([C@@H](C)O)NC(=O)[C@H](CC(=O)N)NC(=O)[C@H](CCSC)NC(=O)[C@H](CCC(=O)O)NC(=O)[C@H](CC(=O)O)NC(=O)[C@H](CO)NC(=O)[C@H](CC4=CC=CC=C4)NC(=O)[C@H](CO)NC(=O)CNC(=O)[C@H](CC(=O)O)NC(=O)CNC(=O)[C@H](CC5=CN=CN5)N,"This molecule contains amide, aromatic ring, carboxylic acid, and thioether functional groups, in which the aromatic ring may be the most influential for causing Hepatobiliary disorders.",40,615
C[C@]12C[C@@H]([C@]3([C@H]([C@@H]1C[C@H]([C@@]2(C(=O)CO)O)O)C[C@@H](C4=CC(=O)C=C[C@@]43C)F)F)O,"This molecule contains an ester, a ketone, an ether, and an alcohol functional group, in which the ester may be the most influential for causing Hepatobiliary disorders.",38,186
[C-]#N.[C-]#N.[C-]#N.[C-]#N.[C-]#N.[C-]#N.[Fe+2],"This molecule contains cyano groups, iron centers, metal-carbon triple bonds, and nitrile groups, in which cyano groups may be the most influential for causing Hepatobiliary disorders.",40,154
CC1=C(C=CC2=C1N=C(C=C2OC3C[C@@H]4[C@@H](C3)C(=O)N(CCCC/C=C\[C@@H]5CC5(NC4=O)C(=O)NS(=O)(=O)C6CC6)C)C7=NC(=CS7)C(C)C)OC,"This molecule contains amide, ether, sulfonamide, and thiazole functional groups, in which sulfonamide may be the most influential for causing Hepatobiliary disorders.",37,201
CCCCC(=O)O[C@@]1(CCC2C1(CC(C3C2CCC4=CC(=O)CCC34C)O)C)C(=O)CO,"This molecule contains a carboxylic acid, cyclohexane rings, ketones, and an ether functional group, in which the carboxylic acid may be the most influential for causing Hepatobiliary disorders.",46,156
CN1C(=NN=N1)SCC2=C(N3C([C@@](C3=O)(NC(=O)C4SC(=C(C(=O)N)C(=O)O)S4)OC)SC2)C(=O)O,"This molecule contains amide, oxazole, thiazole, and triazole functional groups, in which thiazole may be the most influential for causing Hepatobiliary disorders.",37,177
CC[PH+](CC)CC.CC[PH+](CC)CC.CC(=O)OCC1C(C(C(C(O1)[SH2+])OC(=O)C)OC(=O)C)OC(=O)C.[Au].[Au],"This molecule contains acetal, ether, gold cations, and phosphonium groups, in which gold cations may be the most influential for causing Hepatobiliary disorders.",35,175
CCCCCCCCC1=CC=C(C=C1)CCC(CO)(CO)N.Cl,"This molecule contains an alkyl chain, an aromatic ring, an ether, and a primary amine functional groups, in which the aromatic ring may be the most influential for causing Hepatobiliary disorders.",41,132
CC[C@H](C)[C@H]1C(=O)N[C@H](C(=O)N[C@H](C(=O)N[C@H](C(=O)N[C@H](C(=O)N[C@H](C(=O)N[C@H](C(=O)N[C@H](C(=O)N[C@H](C(=O)N[C@H](C(=O)NCC(=O)N[C@H](C(=O)N[C@H]2CSSC[C@H]3C(=O)N[C@H](C(=O)N[C@H](C(=O)N[C@H](C(=O)N[C@@H](CSSC[C@@H](C(=O)N[C@H](C(=O)N[C@H](C(=O)N4CCC[C@H]4C(=O)N5CCC[C@H]5C(=O)N[C@H](C(=O)N[C@H](C(=O)NCC(=O)N6CCC[C@H]6C(=O)N[C@@H](CSSC[C@@H](C(=O)N[C@H](C(=O)N[C@H](C(=O)N[C@H](C(=O)N[C@H](C(=O)N[C@H](C(=O)N[C@H](C(=O)N[C@H](C(=O)N[C@H](C(=O)N[C@H](C(=O)N[C@H](C(=O)N[C@H](C(=O)N[C@H](C(=O)N3)CC(=O)O)CCC(=O)O)C)CO)CCCCN)CC7=CC=CC=C7)CC(=O)N)CC(=O)N)CCCNC(=N)N)CCCCN)C)CCCNC(=N)N)NC(=O)CNC(=O)CNC(=O)[C@@H](NC(=O)[C@@H](NC(=O)[C@@H](NC(=O)[C@@H](NC(=O)[C@@H](NC2=O)CCC(=O)N)[C@@H](C)O)CC8=CC=CC=C8)C(C)C)CC9=CC=C(C=C9)O)C(=O)N[C@H](C(=O)N[C@H](C(=O)N[C@H](C(=O)N1)CCCNC(=N)N)C)CCCCN)[C@@H](C)O)CC1=CC=C(C=C1)O)CCC(=O)O)CC(C)C)NC(=O)[C@H](CC1=CC=CC=C1)NC(=O)[C@H](CC(=O)O)NC(=O)[C@@H]1CCCN1C(=O)[C@H](CCCNC(=N)N)N)C(=O)NCC(=O)NCC(=O)N[C@@H](C)C(=O)O)[C@@H](C)O)CCCNC(=N)N)CCSC)CC(C)C)C)CCCCN)C)CC(=O)N)CC1=CC=C(C=C1)O)CC1=CC=CC=C1)CC1=CC=C(C=C1)O)CCCNC(=N)N)[C@@H](C)CC,"This molecule contains amide, disulfide, phenyl, and thiazolidine functional groups, in which disulfide may be the most influential for causing Hepatobiliary disorders.",39,954
CC(C)[C@@H](CO)N1C=C(C(=O)C2=CC(=C(C=C21)OC)CC3=C(C(=CC=C3)Cl)F)C(=O)O,"This molecule contains an amide, an ether, a phenyl ring, and a tertiary alcohol functional groups, in which the amide may be the most influential for causing Hepatobiliary disorders.",40,164
C[C@H]1C=CC=C(C(=O)NC2=C3C(=NC4(N3)CCN(CC4)CC(C)C)C5=C6C(=C(C(=C5C2=O)O)C)O[C@@](C6=O)(OC=C[C@@H]([C@H]([C@H]([C@@H]([C@@H]([C@@H]([C@H]1O)C)O)C)OC(=O)C)C)OC)C)C,"This molecule contains amide, ester, ether, and ketone functional groups, in which the amide may be the most influential for causing Hepatobiliary disorders.",35,240
C[C@@H](C(=O)N1CC2=CC=CC=C2C[C@H]1C(=O)O)N[C@@H](CCC3=CC=CC=C3)C(=O)O,"This molecule contains amide, aromatic ring, carboxylic acid, and ether functional groups, in which amide may be the most influential for causing Hepatobiliary disorders.",37,166
CC[C@H](C)[C@@H](C(=O)N[C@@H](CCC(=O)O)C(=O)N[C@@H](CC1=CNC2=CC=CC=C21)C(=O)N[C@@H](CC(C)C)C(=O)N[C@@H](CCCCN)C(=O)N[C@@H](CC(=O)N)C(=O)NCC(=O)NCC(=O)N3CCC[C@H]3C(=O)N[C@@H](CO)C(=O)N[C@@H](CO)C(=O)NCC(=O)N[C@@H](C)C(=O)N4CCC[C@H]4C(=O)N5CCC[C@H]5C(=O)N6CCC[C@H]6C(=O)N[C@@H](CO)C(=O)N)NC(=O)[C@@H](CC7=CC=CC=C7)NC(=O)[C@H](CC(C)C)NC(=O)[C@H](CCCNC(=N)N)NC(=O)[C@H](C(C)C)NC(=O)[C@H](C)NC(=O)[C@H](CCC(=O)O)NC(=O)[C@H](CCC(=O)O)NC(=O)[C@H](CCC(=O)O)NC(=O)[C@H](CCSC)NC(=O)[C@H](CCC(=O)N)NC(=O)[C@H](CCCCN)NC(=O)[C@H](CO)NC(=O)[C@H](CC(C)C)NC(=O)[C@H](CC(=O)O)NC(=O)[C@H](CO)NC(=O)[C@H]([C@@H](C)O)NC(=O)[C@H](CC8=CC=CC=C8)NC(=O)[C@H]([C@@H](C)O)NC(=O)CNC(=O)[C@H](CCC(=O)O)NC(=O)CNC(=O)[C@H](CC9=CNC=N9)N,"This molecule contains amide, aromatic, ester, and thioether functional groups, in which amide may be the most influential for causing Hepatobiliary disorders.",35,646
CC(=O)C1(CCC2C1(CC(C3=C4CCC(=O)C=C4CCC23)C5=CC=C(C=C5)N(C)C)C)O,"This molecule contains a benzene ring, a ketone, a secondary amine, and a tertiary alcohol functional groups, in which the ketone may be the most influential for causing Hepatobiliary disorders.",42,158
CN(C)CC[C@@](C1=CC=CC2=CC=CC=C21)([C@@H](C3=CC=CC=C3)C4=C(N=C5C=CC(=CC5=C4)Br)OC)O,"This molecule contains amine, aryl halide, ether, and phenol functional groups, in which aryl halide may be the most influential for causing Hepatobiliary disorders.",38,169
C1CCC(CC1)[C@@H]2C[C@H](NC2)C(=O)O,"This molecule contains a carboxylic acid, cyclohexane, piperidine, and secondary amine functional groups, in which the carboxylic acid may be the most influential for causing Hepatobiliary disorders.",47,138
C1C2=CC=CC=C2N(C3=CC=CC=C3C1=O)C(=O)N,"This molecule contains amide, aromatic rings, ketone, and secondary amine functional groups, in which amide may be the most influential for causing Hepatobiliary disorders.",36,143
C1C(C(OC1N2C=NC3=C2N=C(N=C3N)Cl)CO)O,"This molecule contains a chloro group, an ether group, a hydroxyl group, and a triazole ring, in which the triazole ring may be the most influential for causing Hepatobiliary disorders.",43,140
[H-].[H-].[Ba+2],"This molecule contains hydride, hydride, barium cation, and no other significant subgraphs, in which barium cation may be the most influential for causing Hepatobiliary disorders.",42,124
C[C@]12CCC(=O)C=C1CC[C@@H]3[C@@H]2C(=O)C[C@]4([C@H]3CC[C@@]4(C(=O)CO)O)C,"This molecule contains a carboxylic acid group, a cyclic ketone, an ether, and an olefinic bond, in which the carboxylic acid group may be the most influential for causing Hepatobiliary disorders.",48,168
CCOC(=O)N[C@@H]1CC[C@@H]2[C@@H](C1)C[C@@H]3[C@H](C2/C=C/C4=NC=C(C=C4)C5=CC(=CC=C5)F)[C@H](OC3=O)C,"This molecule contains an ester, a ketone, an ether, and an amide functional group, in which the ester may be the most influential for causing Hepatobiliary disorders.",39,183
CC1=C(SC=N1)C=CC2=C(N3[C@@H]([C@@H](C3=O)NC(=O)C(=NOC)C4=CSC(=N4)N)SC2)C(=O)OCOC(=O)C(C)(C)C,"This molecule contains amide, ester, oxazole, and thiazole functional groups, in which oxazole may be the most influential for causing Hepatobiliary disorders.",36,183
COCCNC(=O)CN(CCN(CCN(CC(=O)NCCOC)CC(=O)[O-])CC(=O)[O-])CC(=O)[O-].[Gd+3],"This molecule contains amide, ether, gadolinium complex, and carboxylate functional groups, in which gadolinium complex may be the most influential for causing Hepatobiliary disorders.",40,163
CCNC(=O)C1CCCN1C(=O)C(CCCN=C(N)N)NC(=O)C(CC(C)C)NC(=O)C(COC(C)(C)C)NC(=O)C(CC2=CC=C(C=C2)O)NC(=O)C(CO)NC(=O)C(CC3=CNC4=CC=CC=C43)NC(=O)C(CC5=CN=CN5)NC(=O)C6CCC(=O)N6,"This molecule contains amide, aromatic ring, ether, and piperidine functional groups, in which amide may be the most influential for causing Hepatobiliary disorders.",35,235
CC(C)C(=O)OCC(=O)[C@@]12[C@@H](C[C@@H]3[C@@]1(C[C@@H]([C@H]4[C@H]3CCC5=CC(=O)C=C[C@]45C)O)C)OC(O2)C6CCCCC6,"This molecule contains an ester, a ketone, a tertiary alcohol, and a cyclohexane ring, in which the ester may be the most influential for causing Hepatobiliary disorders.",41,190
C(CC(C(F)F)(C(=O)O)N)CN,"This molecule contains an amide, an ether, a fluoroalkane, and a primary amine functional groups, in which the amide may be the most influential for causing Hepatobiliary disorders.",42,130
[H-].[H-].[Sr+2],"This molecule contains hydride, hydride, and strontium cation functional groups, in which strontium cation may be the most influential for causing Hepatobiliary disorders.",40,124
CC1C(C(CC(O1)OC2CC(CC3=C(C4=C(C(=C23)O)C(=O)C5=C(C4=O)C=CC=C5OC)O)(C(=O)CO)O)[NH3+])O,"This molecule contains an amine, an ester, an ether, and a ketone functional groups, in which the ketone may be the most influential for causing Hepatobiliary disorders.",39,174
C[C@@H](C(=O)O)N.CC(=O)O.C1=CC(=CC=C1C[C@@H](C(=O)O)N)O.C(CCN)C[C@@H](C(=O)O)N.C(CC(=O)O)[C@@H](C(=O)O)N,"This molecule contains amide, aromatic, carboxylic acid, and phenol functional groups, in which the aromatic may be the most influential for causing Hepatobiliary disorders.",37,194
CC(C)C[C@@H](C(=O)N[C@@H](CCCN=C(N)N)C(=O)N1CCC[C@H]1C(=O)NCC(=O)N)NC(=O)[C@@H](CC2=CC3=CC=CC=C3C=C2)NC(=O)[C@H](CC4=CC=C(C=C4)O)NC(=O)[C@H](CO)NC(=O)[C@H](CC5=CNC6=CC=CC=C65)NC(=O)[C@H](CC7=CN=CN7)NC(=O)[C@@H]8CCC(=O)N8,"This molecule contains amide, aromatic ring, guanidine, and piperidine functional groups, in which amide may be the most influential for causing Hepatobiliary disorders.",37,274
CC1(C(=O)N(C(=S)N1C2=CC(=C(C=C2)C(=O)NC)F)C3=CC(=C(C=C3)C#N)C(F)(F)F)C,"This molecule contains an amide, an aromatic ring, a ketone, and a thioamide functional groups, in which the thioamide may be the most influential for causing Hepatobiliary disorders.",42,171
C[C@]12CC[C@H]3[C@H]([C@@H]1CC[C@@H]2O)CCC4=CC(=O)CC[C@H]34,"This molecule contains a cyclohexanol, cyclohexene, ketone, and tertiary carbon groups, in which the ketone may be the most influential for causing Hepatobiliary disorders.",40,156
CS(=O)(=O)O.C1CNC[C@H]([C@@H]1C2=CC=CC=C2)COC3=CC4=C(C=C3)OCO4,"This molecule contains an amine, an aromatic ring, an ether, and a sulfonate functional group, in which the sulfonate may be the most influential for causing Hepatobiliary disorders.",41,159
C1CC1C2=NC3=CC=CC=C3C(=C2C=C[C@H](C[C@H](CC(=O)O)O)O)C4=CC=C(C=C4)F,"This molecule contains a benzene ring, a cyclopropane ring, a carboxylic acid group, and a fluorophenyl group, in which the carboxylic acid group may be the most influential for causing Hepatobiliary disorders.",53,165
CC12CCC3C(C1CCC2O)CCC4=C3C=CC(=C4)OC(=O)N(CCCl)CCCl,"This molecule contains an ester, ether, ketone, and two chloroalkane functional groups, in which the chloroalkane may be the most influential for causing Hepatobiliary disorders.",41,148
CC1CC2C3C(CC4=CC(=O)C=CC4(C3C(CC2(C1(C(=O)CO)O)C)O)C)Cl,"This molecule contains a chlorobenzene ring, an ester group, a tertiary alcohol, and a secondary alcohol functional groups, in which the ester group may be the most influential for causing Hepatobiliary disorders.",45,155
C1=CC=C(C=C1)C2(C(=O)NC(=O)N2)C3=CC=CC=C3,"This molecule contains amide, aromatic rings, and ketone functional groups, in which amide may be the most influential for causing Hepatobiliary disorders.",32,145
[H+].[H+].C(CN(CC(=O)[O-])CC(=O)[O-])N(CCN(CC(=O)[O-])CC(=O)[O-])CC(=O)[O-].[Gd+3],"This molecule contains amide, carboxylate, nitrile, and protonated amine functional groups, in which carboxylate may be the most influential for causing Hepatobiliary disorders.",42,171
CC1=NN=C(O1)C(=O)NC(C)(C)C2=NC(=C(C(=O)N2C)[O-])C(=O)NCC3=CC=C(C=C3)F.[K+],"This molecule contains amide, aromatic ring, fluoroaromatic ring, and triazole functional groups, in which amide may be the most influential for causing Hepatobiliary disorders.",38,169
CC(=O)NC1=[N+](N=C(S1)S(=O)(=O)N)C,"This molecule contains an amide, a ketone, a sulfonamide, and a thiadiazole ring, in which the sulfonamide may be the most influential for causing Hepatobiliary disorders.",43,140
C1=NC(=NC(=O)N1C2C(C(C(O2)CO)O)O)N,"This molecule contains an amide, an imidazole ring, a pyranose ring, and a secondary alcohol functional groups, in which the imidazole ring may be the most influential for causing Hepatobiliary disorders.",46,141
CC1CC2C3CCC(C3(CC(C2C4(C1=CC(=O)C=C4)C)O)C)(C(=O)COC(=O)CCC(=O)O)O,"This molecule contains an ester, a ketone, an ether, and a tertiary alcohol functional groups, in which the ketone may be the most influential for causing Hepatobiliary disorders.",39,164
C[C@]12CC[C@@H](CC1=CC[C@@H]3[C@@H]2CC[C@]4([C@H]3CC=C4C5=CN=CC=C5)C)O,"This molecule contains an alcohol, an alkene, a benzene ring, and a pyridine ring, in which the pyridine ring may be the most influential for causing Hepatobiliary disorders.",42,163
CNC(=O)C1=NC=CC(=C1)OC2=CC(=C(C=C2)NC(=O)NC3=CC(=C(C=C3)Cl)C(F)(F)F)F,"This molecule contains amide, aniline, chlorobenzene, and trifluoromethyl functional groups, in which chlorobenzene may be the most influential for causing Hepatobiliary disorders.",42,166
CCC(=O)O[C@](CC1=CC=CC=C1)(C2=CC=CC=C2)[C@H](C)CN(C)C,"This molecule contains an amine, an ester, phenyl groups, and a tertiary carbon center, in which the ester may be the most influential for causing Hepatobiliary disorders.",39,150
CN(CCCN1CCC2=CC(=C(C=C2CC1=O)OC)OC)C[C@H]3CC4=CC(=C(C=C34)OC)OC,"This molecule contains amine, ether, ketone, and phenyl functional groups, in which ketone may be the most influential for causing Hepatobiliary disorders.",34,157
CCCC1=CC(=O)NC(=S)N1,"This molecule contains an amide, a ketone, a thiazolidine ring, and a butyl chain, in which the thiazolidine ring may be the most influential for causing Hepatobiliary disorders.",45,129
C(C=O)C(C=O)O,"This molecule contains an alcohol, two ketones, and an ether functional groups, in which the ketones may be the most influential for causing Hepatobiliary disorders.",34,124
C1CC1NC2=NC(=NC3=C2N=CN3C4CC(C=C4)CO)N,"This molecule contains an amine, an ether, a pyrimidine, and a triazole functional groups, in which the pyrimidine may be the most influential for causing Hepatobiliary disorders.",41,141
CC1C=CC=CC=CC=CC=CC=CC=CC(CC2C(C(CC(O2)(CC(CC(C(CCC(CC(CC(=O)OC(C(C1O)C)C)O)O)O)O)O)O)O)C(=O)O)OC3C(C(C(C(O3)C)O)N)O,"This molecule contains ester, ether, hydroxyl, and ketone functional groups, in which ester may be the most influential for causing Hepatobiliary disorders.",35,196
CCCC(=O)NC1=CC(=C(C=C1)OCC(CNC(C)C)O)C(=O)C,"This molecule contains amide, aromatic ring, ester, and ether functional groups, in which amide may be the most influential for causing Hepatobiliary disorders.",34,146
CC(=O)NC1=CC=C(C=C1)O,"This molecule contains an amide, an aromatic ring, a hydroxyl group, and a ketone functional group, in which the amide may be the most influential for causing Hepatobiliary disorders.",42,128
CC(=O)NC1=NN=C(S1)S(=O)(=O)N,"This molecule contains an amide, a ketone, a sulfonamide, and a triazole ring, in which the sulfonamide may be the most influential for causing Hepatobiliary disorders.",41,135
CC(=O)NO,"This molecule contains an aliphatic chain, an amide, a carbonyl, and a nitroso functional group, in which the nitroso may be the most influential for causing Hepatobiliary disorders.",45,119
CCCCCCCCCCCCCCCCCCCCCCO,"This molecule contains an alkane chain, a hydroxyl group, and no other distinct functional groups, in which the hydroxyl group may be the most influential for causing Hepatobiliary disorders.",41,120
CCCCC(C)(CC=C[C@H]1[C@@H](CC(=O)[C@@H]1CCCCCCC(=O)OC)O)O,"This molecule contains an alkene, an ester, a secondary alcohol, and a tertiary alcohol functional groups, in which the ester may be the most influential for causing Hepatobiliary disorders.",40,149
C1C[C@H](N(C1)C(=O)[C@@H]2CSSC[C@@H](C(=O)N[C@H](C(=O)N[C@H](C(=O)N[C@H](C(=O)N[C@H](C(=O)N2)CC(=O)N)CCC(=O)N)CC3=CC=CC=C3)CC4=CC=C(C=C4)O)NC(=O)CNC(=O)CNC(=O)CN)C(=O)N[C@@H](CCCCN)C(=O)NCC(=O)N,"This molecule contains amide, aromatic ring, disulfide bond, and thioether functional groups, in which the disulfide bond may be the most influential for causing hepatobiliary disorders.",40,266
C([C@@H]([C@@H]1C(=O)C(=C(O1)[O-])[O-])O)O.[Ca+2],"This molecule contains a carboxylate group, an ether group, a hemiketal group, and a hydroxyl group, in which the carboxylate group may be the most influential for causing Hepatobiliary disorders.",48,151
CC1C(C(=O)NC(C(=O)N2CCCC2C(=O)N(CC(=O)N(C(C(=O)O1)C(C)C)C)C)C(C)C)NC(=O)C3=C4C(=C(C=C3)C)OC5=C(C(=O)C(=C(C5=N4)C(=O)NC6C(OC(=O)C(N(C(=O)CN(C(=O)C7CCCN7C(=O)C(NC6=O)C(C)C)C)C)C(C)C)C)N)C,"This molecule contains amide, ester, ketone, and pyridine functional groups, in which amide may be the most influential for causing Hepatobiliary disorders.",36,265
CC1CC(=O)C2(C(O1)OC3C(C(C(C(C3O2)NC)O)NC)O)O,"This molecule contains an amide, an ether, a hemiketal, and a lactone functional groups, in which the lactone may be the most influential for causing Hepatobiliary disorders.",40,146
C1=NC2=C(N1COCCO)NC(=NC2=O)N,"This molecule contains amide, ether, imidazole, and triazole functional groups, in which imidazole may be the most influential for causing Hepatobiliary disorders.",36,134
C=CCN.C1C(O1)CCl.C(=O)(O)O,"This molecule contains an alkene, an amine, an epoxide, and a carboxylic acid functional group, in which the carboxylic acid may be the most influential for causing Hepatobiliary disorders.",46,133
[As],"This molecule contains an arsenic center, which may be the most influential for causing Hepatobiliary disorders.",22,116
CO[C@@H]1[C@H]([C@@H]([C@@H](O[C@@H]1C(=O)[O-])O[C@H]2[C@@H](O[C@H]([C@H]([C@@H]2[O-])NOS(=O)(=O)O)OC)COS(=O)(=O)O)OS(=O)(=O)O)O,"This molecule contains carboxylate, ether, glycosidic linkages, and sulfonate functional groups, in which sulfonate may be the most influential for causing Hepatobiliary disorders.",42,212
CC[C@@]12C=CCN3[C@@H]1[C@]4(CC3)[C@H]([C@]([C@@H]2OC(=O)C)(C(=O)OC)O)N(C5=CC(=C(C=C45)[C@]6(C[C@@H]7C[C@@H](CN(C7)CC8=C6NC9=CC=CC=C89)C(C)(F)F)C(=O)OC)OC)C,"This molecule contains an amide, an ester, an ether, and a fluorine substituent functional groups, in which the amide may be the most influential for causing Hepatobiliary disorders.",41,226
CCOC1=NC2=CC=CC(=C2N1CC3=CC=C(C=C3)C4=CC=CC=C4C5=NC(=O)ON5)C(=O)O,"This molecule contains an ester, ether, ketone, and pyridone functional groups, in which the ester may be the most influential for causing Hepatobiliary disorders.",37,163
CCCSC1=CC2=C(C=C1)N=C(N2)NC(=O)OC,"This molecule contains an amide, ether, thioether, and triazole functional groups, in which the triazole may be the most influential for causing Hepatobiliary disorders.",37,135
CC(C)(C)NCC(C1=CC(=C(C=C1)O)CO)O,"This molecule contains an amine, an ether, a phenol, and a tertiary carbon, in which the phenol may be the most influential for causing Hepatobiliary disorders.",37,136
CCC(=O)OCC(=O)C1(C(CC2C1(CC(C3C2C(CC4=CC(=O)C=CC34C)Cl)O)C)C)OC(=O)CC,"This molecule contains acetal, carboxylic acid, chloro, and ketone functional groups, in which chloro may be the most influential for causing Hepatobiliary disorders.",38,165
C(CC(O)(P(=O)(O)O)P(=O)(O)O)CN,"This molecule contains an alkyl chain, an amine, a phosphate ester, and a phosphonic acid functional group, in which the phosphonic acid may be the most influential for causing Hepatobiliary disorders.",44,136
CN(CCCNC(=O)C1CCCO1)C2=NC3=CC(=C(C=C3C(=N2)N)OC)OC,"This molecule contains an amide, an ether, a pyrimidine, and a piperidine functional groups, in which the amide may be the most influential for causing Hepatobiliary disorders.",41,151
C1=C2C(=NC=NC2=O)NN1,"This molecule contains an amine, an imine, a pyrimidine ring, and a triazole ring, in which the triazole may be the most influential for causing Hepatobiliary disorders.",41,129
CC1=C(N=CN1)CN2CCC3=C(C2=O)C4=CC=CC=C4N3C,"This molecule contains amine, ketone, pyrimidine, and triazole functional groups, in which pyrimidine may be the most influential for causing Hepatobiliary disorders.",37,142
CCC(=O)N(C1=CC=CC=C1)C2(CCN(CC2)CCN3C(=O)N(N=N3)CC)COC,"This molecule contains amide, aromatic ring, ether, and triazole functional groups, in which amide may be the most influential for causing Hepatobiliary disorders.",34,152
CC1=NN=C2N1C3=C(C=C(C=C3)Cl)C(=NC2)C4=CC=CC=C4,"This molecule contains a benzene ring, chlorobenzene, pyrazole, and triazole functional groups, in which chlorobenzene may be the most influential for causing Hepatobiliary disorders.",42,146
CN(C)C1=NC(=NC(=N1)N(C)C)N(C)C,"This molecule contains amine, cyano, and triazine functional groups, in which cyano may be the most influential for causing Hepatobiliary disorders.",32,137
C1C2CC3CC1CC(C2)(C3)N,"This molecule contains a tertiary amine, a cyclohexane ring, a cyclopentane ring, and a cyclopropane ring, in which the tertiary amine may be the most influential for causing Hepatobiliary disorders.",49,129
CC(=O)OCC(=O)C12C(CC3C1(CC(C4(C3CCC5=CC(=O)C=CC54C)F)O)C)OC6(O2)CCCC6,"This molecule contains a cyclohexane ring, an ester group, a fluoro group, and a ketone group, in which the ester group may be the most influential for causing Hepatobiliary disorders.",45,163
C[C@@]1([C@@H]2C[C@@H]3[C@H](C(=O)C(=C(N)[O-])C(=O)[C@]3(C(=O)C2=C(C4=C1C=CC=C4O)[O-])O)[NH+](C)C)O,"This molecule contains a carboxylate group, an enol ether, a ketone, and a quaternary ammonium, in which the quaternary ammonium may be the most influential for causing Hepatobiliary disorders.",48,189
CN(C)CC(C1=CC=C(C=C1)O)C2(CCCCC2)O,"This molecule contains an amine, an aromatic ring, an ether, and a secondary alcohol functional groups, in which the aromatic ring may be the most influential for causing Hepatobiliary disorders.",39,135
CC(=O)NC1=C(C(=C(C(=C1I)C(=O)O)I)NC(=O)C)I,"This molecule contains amide, carboxylic acid, iodobenzene, and ketone functional groups, in which iodobenzene may be the most influential for causing Hepatobiliary disorders.",42,149
C(CN)CNCCSP(=O)(O)O,"This molecule contains amine, nitrile, phosphonate, and thioether functional groups, in which phosphonate may be the most influential for causing Hepatobiliary disorders.",39,127
C1C(C(C(C(C1NC(=O)C(CCN)O)OC2C(C(C(C(O2)CO)O)N)O)O)OC3C(C(C(C(O3)CN)O)O)O)N,"This molecule contains amide, ether, hydroxyl, and secondary amine functional groups, in which amide may be the most influential for causing Hepatobiliary disorders.",36,169
CCC1(CCC(=O)NC1=O)C2=CC=C(C=C2)N,"This molecule contains amide, aromatic ring, ketone, and secondary amine functional groups, in which amide may be the most influential for causing Hepatobiliary disorders.",36,136
C1=CC(=CC=C1C(=O)NCC(=O)O)N,"This molecule contains an amide, an aromatic ring, a carboxylic acid, and a primary amine functional groups, in which the amide may be the most influential for causing Hepatobiliary disorders.",44,136
CN1C2=C(C(=O)N(C1=O)C)NC=N2,"This molecule contains amide, cyano, imidazole, and ketone functional groups, in which cyano may be the most influential for causing Hepatobiliary disorders.",36,134
CCCCC1=C(C2=CC=CC=C2O1)C(=O)C3=CC(=C(C(=C3)I)OCC[NH+](CC)CC)I,"This molecule contains an ether, an iodobenzene, a ketone, and a tertiary amine functional groups, in which the tertiary amine may be the most influential for causing Hepatobiliary disorders.",43,159
CCN1CCCC1CNC(=O)C2=CC(=C(C=C2OC)N)S(=O)(=O)CC,"This molecule contains an amide, an ether, a piperidine, and a sulfonamide functional groups, in which the sulfonamide may be the most influential for causing Hepatobiliary disorders.",42,147
CN(C)CCC=C1C2=CC=CC=C2CCC3=CC=CC=C31,"This molecule contains an amine, an alkene, and two aromatic rings, in which the amine may be the most influential for causing Hepatobiliary disorders.",34,135
CC(C)C1=CC2=C(C=C1)OC3=NC(=C(C=C3C2=O)C(=O)O)N,"This molecule contains an amide, an ether, a ketone, and a pyridine ring, in which the amide may be the most influential for causing Hepatobiliary disorders.",39,149
CCOC(=O)C1=C(NC(=C(C1C2=CC=CC=C2Cl)C(=O)OC)C)COCCN,"This molecule contains an amide, an ester, an ether, and a phenyl chloride functional group, in which the amide may be the most influential for causing Hepatobiliary disorders.",40,151
CCC1(C(=O)NC(=NC1=O)[O-])CCC(C)C,"This molecule contains an amide, a carboxylate, a pyrimidine ring, and tertiary butyl groups, in which the pyrimidine ring may be the most influential for causing Hepatobiliary disorders.",45,135
CCC(C)(C)C1=CC=C(C=C1)CC(C)CN2CC(OC(C2)C)C,"This molecule contains an aromatic ring, an ether, a secondary amine, and tertiary carbon centers, in which the aromatic ring may be the most influential for causing Hepatobiliary disorders.",38,141
C1CN(CCN1)C2=NC3=CC=CC=C3OC4=C2C=C(C=C4)Cl,"This molecule contains a chlorobenzene ring, an imidazole ring, a morpholine ring, and an ether linkage, in which the chlorobenzene ring may be the most influential for causing Hepatobiliary disorders.",47,142
CC1(C(N2C(S1)C(C2=O)NC(=O)C(C3=CC=C(C=C3)O)N)C(=O)O)C,"This molecule contains amide, aromatic ring, ester, and thiazolidine functional groups, in which thiazolidine may be the most influential for causing Hepatobiliary disorders.",39,155
CC1(C(N2C(S1)C(C2=O)NC(=O)C(C3=CC=CC=C3)N)C(=O)[O-])C,"This molecule contains amide, aromatic ring, carboxylate, and thiazolidine functional groups, in which the thiazolidine may be the most influential for causing Hepatobiliary disorders.",42,154
CC(C)CN(CC(C(CC1=CC=CC=C1)NC(=O)OC2CCOC2)O)S(=O)(=O)C3=CC=C(C=C3)N,"This molecule contains an amide, an aromatic ring, an ether, and a sulfonamide functional groups, in which the sulfonamide may be the most influential for causing Hepatobiliary disorders.",41,159
COC1=C(C=CC(=C1)NS(=O)(=O)C)NC2=C3C=CC=CC3=NC4=CC=CC=C42,"This molecule contains an ether, a sulfonamide, a secondary amine, and a tri-substituted benzene ring, in which the sulfonamide may be the most influential for causing Hepatobiliary disorders.",45,154
C1C2=C(C=CC(=C2Cl)Cl)NC3=NC(=O)CN31,"This molecule contains a chlorobenzene, imidazole, nitrile, and triazole functional groups, in which chlorobenzene may be the most influential for causing Hepatobiliary disorders.",42,139
CC(C)(C#N)C1=CC(=CC(=C1)CN2C=NC=N2)C(C)(C)C#N,"This molecule contains alkyl groups, aryl groups, cyano groups, and triazole rings, in which cyano groups may be the most influential for causing Hepatobiliary disorders.",38,148
CN1CCC2=CC=CC3=C2C1CC4=C3C(=C(C=C4)O)O,"This molecule contains an ether, a phenol, a tertiary amine, and a vinyl group, in which the phenol may be the most influential for causing Hepatobiliary disorders.",38,141
C1CN=C(N1)NC2=C(C=C(C=C2Cl)N)Cl,"This molecule contains a chlorobenzene ring, imidazole ring, two chlorine substituents, and an amine group, in which the chlorobenzene ring may be the most influential for causing Hepatobiliary disorders.",48,133
C[C@@H](C(=O)N[C@@H](CCC(=O)O)C(=O)N[C@@H](CC(=O)O)C(=O)N[C@@H](CCC(=O)O)C(=O)N[C@@H](CO)C(=O)N[C@@H](C)C(=O)N[C@@H](CCC(=O)O)C(=O)N[C@@H](C)C(=O)N[C@@H](CC1=CC=CC=C1)C(=O)N2CCC[C@H]2C(=O)N[C@@H](CC(C)C)C(=O)N[C@@H](CCC(=O)O)C(=O)N[C@@H](CC3=CC=CC=C3)C(=O)O)NC(=O)CNC(=O)[C@H](CC(=O)N)NC(=O)[C@@H]4CCCN4C(=O)[C@H](CC5=CC=C(C=C5)O)NC(=O)[C@H](C(C)C)NC(=O)[C@H](CCCCN)NC(=O)[C@H](C(C)C)NC(=O)[C@@H]6CCCN6C(=O)[C@H](CCCNC(=N)N)NC(=O)[C@H](CCCNC(=N)N)NC(=O)[C@H](CCCCN)NC(=O)[C@H](CCCCN)NC(=O)CNC(=O)[C@H](C(C)C)NC(=O)[C@@H]7CCCN7C(=O)[C@H](CCCCN)NC(=O)CNC(=O)[C@H](CC8=CNC9=CC=CC=C98)NC(=O)[C@H](CCCNC(=N)N)NC(=O)[C@H](CC1=CC=CC=C1)NC(=O)[C@H](CC1=CN=CN1)NC(=O)[C@H](CCC(=O)O)NC(=O)[C@H](CCSC)NC(=O)[C@H](CO)NC(=O)[C@H](CC1=CC=C(C=C1)O)NC(=O)[C@H](CO)N,"This molecule contains amide, aromatic, ester, and thioether functional groups, in which amide may be the most influential for causing Hepatobiliary disorders.",35,673
C(CC(=O)O)CO,"This molecule contains an alcohol, an ether, a carboxylic acid, and a primary carbon chain, in which the carboxylic acid may be the most influential for causing Hepatobiliary disorders.",43,122
CC1CCN(C(C1)C(=O)O)C(=O)C(CCCN=C(N)N)NS(=O)(=O)C2=CC=CC3=C2NCC(C3)C,"This molecule contains amide, carboxylic acid, guanidine, and sulfonamide functional groups, in which sulfonamide may be the most influential for causing Hepatobiliary disorders.",41,165
C[C@H]([C@@H](C(=O)N[C@@H](CC1=CC=CC=C1)C(=O)N[C@@H]([C@@H](C)O)C(=O)N[C@@H](CO)C(=O)N[C@@H](CC(=O)O)C(=O)N[C@@H](CC2=CC=C(C=C2)O)C(=O)N[C@@H](CO)C(=O)N[C@@H](CCCCN)C(=O)N[C@@H](CC3=CC=C(C=C3)O)C(=O)N[C@@H](CC(C)C)C(=O)N[C@@H](CC(=O)O)C(=O)N[C@@H](CO)C(=O)N[C@@H](CCCNC(=N)N)C(=O)N[C@@H](CCCNC(=N)N)C(=O)N[C@@H](C)C(=O)N[C@@H](CCC(=O)N)C(=O)N[C@@H](CC(=O)O)C(=O)N[C@@H](CC4=CC=CC=C4)C(=O)N[C@@H](C(C)C)C(=O)N[C@@H](CCC(=O)N)C(=O)N[C@@H](CC5=CNC6=CC=CC=C65)C(=O)N[C@@H](CC(C)C)C(=O)N[C@@H](CCSC)C(=O)N[C@@H](CC(=O)N)C(=O)N[C@@H]([C@@H](C)O)C(=O)O)NC(=O)CNC(=O)[C@H](CCC(=O)N)NC(=O)[C@H](CO)NC(=O)[C@H](CC7=CN=CN7)N)O,"This molecule contains amide, aromatic, hydroxyl, and thioether functional groups, in which amide may be the most influential for causing Hepatobiliary disorders.",36,580
CC(=O)OC1=CC=CC=C1C(=O)O,"This molecule contains an aromatic ring, carboxylic acid, ester, and ketone functional groups, in which the carboxylic acid may be the most influential for causing Hepatobiliary disorders.",43,132
CC(C)NCC(COC1=CC=C(C=C1)CC(=O)N)O,"This molecule contains an amine, an ether, an ester, and a phenyl ring functional groups, in which the ester may be the most influential for causing Hepatobiliary disorders.",40,136
CC(C)C1=C(C(=C(N1CCC(CC(CC(=O)O)O)O)C2=CC=C(C=C2)F)C3=CC=CC=C3)C(=O)NC4=CC=CC=C4,"This molecule contains amide, aromatic rings, carboxylic acid, and ether functional groups, in which carboxylic acid may be the most influential for causing Hepatobiliary disorders.",40,171
CN1C=NC(=C1SC2=NC=NC3=C2NC=N3)[N+](=O)[O-],"This molecule contains an amine, nitro, s-triazine, and thioether functional groups, in which the nitro may be the most influential for causing Hepatobiliary disorders.",40,144
C(CCCC(=O)O)CCCC(=O)O,"This molecule contains aliphatic chains, carboxylic acids, esters, and hydrocarbons functional groups, in which carboxylic acids may be the most influential for causing Hepatobiliary disorders.",44,128
CN1CCCC(CC1)N2C(=O)C3=CC=CC=C3C(=N2)CC4=CC=C(C=C4)Cl,"This molecule contains amide, aromatic rings, chlorobenzene, and secondary amines functional groups, in which chlorobenzene may be the most influential for causing Hepatobiliary disorders.",41,150
CCC1C(C(C(N(CC(CC(C(C(C(C(C(=O)O1)C)OC2CC(C(C(O2)C)O)(C)OC)C)OC3C(C(CC(O3)C)N(C)C)O)(C)O)C)C)C)O)(C)O,"This molecule contains ester, ether, hydroxyl, and amine functional groups, in which ester may be the most influential for causing Hepatobiliary disorders.",35,185
CCCCC([C@]1(CC[C@H]2[C@H](O1)CC(=O)[C@@H]2CCCCCCC(=O)O)O)(F)F,"This molecule contains an acetal, an ester, a fluoroalkane, and a ketone functional groups, in which the ester may be the most influential for causing Hepatobiliary disorders.",42,156
COC(=O)CCC(=O)CN.Cl,"This molecule contains amide, ester, haloalkane, and ketone functional groups, in which haloalkane may be the most influential for causing Hepatobiliary disorders.",37,126
CC1C(C(=O)N1S(=O)(=O)O)NC(=O)C(=NOC(C)(C)C(=O)O)C2=CSC(=N2)N,"This molecule contains amide, ester, sulfonamide, and thiazole functional groups, in which sulfonamide may be the most influential for causing Hepatobiliary disorders.",38,164
C([C@@H]1[C@H]([C@@H]([C@H]([C@H](O1)O[C@]2([C@H]([C@@H]([C@H](O2)CO)O)O)CO)O)O)O)O.[O-2].[O-2].[O-2].[Fe+3].[Fe+3],"This molecule contains acetal, ether, hemiacetal, and hydroxyl functional groups, in which acetal may be the most influential for causing Hepatobiliary disorders.",36,201
CCNC(=O)[C@@H]1CCCN1C(=O)[C@H](CCCN=C(N)N)NC(=O)[C@H](CC(C)C)NC(=O)[C@@H](CC(C)C)NC(=O)[C@H](CC2=CC=C(C=C2)O)NC(=O)[C@H](CO)NC(=O)[C@H](CC3=CNC4=CC=CC=C43)NC(=O)[C@H](CC5C=NC=N5)NC(=O)[C@@H]6CCC(=O)N6.CC(=O)O,"This molecule contains amide, benzene, ester, and piperidine functional groups, in which amide may be the most influential for causing Hepatobiliary disorders.",36,264
CCNC(=O)[C@@H]1CCCN1C(=O)[C@H](CCCN=C(N)N)NC(=O)[C@H](CC(C)C)NC(=O)[C@@H](CC2=CN(C=N2)CC3=CC=CC=C3)NC(=O)[C@H](CC4=CC=C(C=C4)O)NC(=O)[C@H](CO)NC(=O)[C@H](CC5=CNC6=CC=CC=C65)NC(=O)[C@H](CC7=CN=CN7)NC(=O)[C@@H]8CCC(=O)N8,"This molecule contains amide, aromatic ring, piperidine, and triazole functional groups, in which amide may be the most influential for causing Hepatobiliary disorders.",36,269
C1=CC(=CC=C1C(CC(=O)O)CN)Cl,"This molecule contains a benzene ring, a carboxylic acid group, a chloro substituent, and an amine group, in which the carboxylic acid group may be the most influential for causing Hepatobiliary disorders.",50,133
CC[C@H](C)[C@@H](C(=O)N[C@@H](CO)C(=O)N[C@@H](CC(C)C)C(=O)N[C@@H](CC(=O)O)C(=O)N[C@@H](CC(C)C)C(=O)N[C@@H]([C@@H](C)O)C(=O)N[C@@H](CC1=CC=CC=C1)C(=O)N[C@@H](CC2=CN=CN2)C(=O)N[C@@H](CC(C)C)C(=O)N[C@@H](CC(C)C)C(=O)N[C@@H](CCCNC(=N)N)C(=O)N[C@@H](CCC(=O)O)C(=O)N[C@@H](C(C)C)C(=O)N[C@@H](CC(C)C)C(=O)N[C@@H](CCC(=O)O)C(=O)N[C@@H](CCSC)C(=O)N[C@@H]([C@@H](C)O)C(=O)N[C@@H](CCCCN)C(=O)N[C@@H](C)C(=O)N[C@@H](CC(=O)O)C(=O)N[C@@H](CCC(=O)N)C(=O)N[C@@H](CC(C)C)C(=O)N[C@@H](C)C(=O)N[C@@H](CCC(=O)N)C(=O)N[C@@H](CCC(=O)N)C(=O)N[C@@H](C)C(=O)N[C@@H](CC3=CN=CN3)C(=O)N[C@@H](CO)C(=O)N[C@@H](CC(=O)N)C(=O)N[C@@H](CCCNC(=N)N)C(=O)N[C@@H](CCCCN)C(=O)N[C@@H](CC(C)C)C(=O)N[C@@H](CC(C)C)C(=O)N[C@@H](CC(=O)O)C(=O)N[C@@H]([C@@H](C)CC)C(=O)N[C@@H](C)C(=O)N)NC(=O)[C@@H]4CCCN4C(=O)[C@@H]5CCCN5C(=O)[C@H](CCC(=O)O)NC(=O)[C@H](CCC(=O)N)NC(=O)[C@H](CO)N,"This molecule contains amide, aromatic, ester, and thioether functional groups, in which amide may be the most influential for causing Hepatobiliary disorders.",35,748
CCC(=O)OCC(=O)C1(C(CC2C1(CC(C3(C2CCC4=CC(=O)C=CC43C)Cl)O)C)C)OC(=O)CC,"This molecule contains an ester group, a ketone group, a chlorocyclohexane, and a phenol functional group, in which the chlorocyclohexane may be the most influential for causing Hepatobiliary disorders.",50,164
CC1CC2C3CCC4=CC(=O)C=CC4(C3(C(CC2(C1(C(=O)CO)O)C)O)Cl)C,"This molecule contains a chloro group, an ester group, a ketone group, and an alcohol group, in which the chloro group may be the most influential for causing Hepatobiliary disorders.",42,154
CCOC(=O)C(CCC1=CC=CC=C1)NC2CCC3=CC=CC=C3N(C2=O)CC(=O)O,"This molecule contains an amide, an ester, an ether, and a phenyl group, in which the amide may be the most influential for causing Hepatobiliary disorders.",38,152
C1=CC=C(C=C1)CC2NC3=C(C=C(C(=C3)C(F)(F)F)S(=O)(=O)N)S(=O)(=O)N2,"This molecule contains a benzene ring, fluorine substituents, sulfonamide groups, and a thiazine ring, in which sulfonamide groups may be the most influential for causing Hepatobiliary disorders.",45,162
CCCCCOC1=CC=C(C=C1)C2=CC(=NO2)C3=CC=C(C=C3)C(=O)N[C@H]4C[C@H]([C@H](NC(=O)[C@@H]5[C@H]([C@H](CN5C(=O)[C@@H](NC(=O)[C@@H](NC(=O)[C@@H]6C[C@H](CN6C(=O)[C@@H](NC4=O)[C@@H](C)O)O)[C@@H]([C@H](C7=CC(=C(C=C7)O)OS(=O)(=O)O)O)O)[C@@H](CC(=O)N)O)C)O)O)O,"This molecule contains amide, ether, hydroxyl, and nitroso functional groups, in which amide may be the most influential for causing Hepatobiliary disorders.",36,299
CCOC(=O)C1=CC=C(C=C1)N,"This molecule contains an ether, an ester, an aromatic ring, and an amine functional groups, in which the ester may be the most influential for causing Hepatobiliary disorders.",39,129
CC(CC1=CC=CC=C1)N(C)CC2=CC=CC=C2,"This molecule contains alkyl groups, amine, and two phenyl rings, in which the amine may be the most influential for causing Hepatobiliary disorders.",34,134
CN1C2CCC1CC(C2)OC(C3=CC=CC=C3)C4=CC=CC=C4,"This molecule contains an ether, a secondary amine, two benzene rings, and two cyclohexane rings, in which the secondary amine may be the most influential for causing Hepatobiliary disorders.",43,141
C1=CC=C(C=C1)COC(=O)C2=CC=CC=C2,"This molecule contains an aromatic ring, an ester, and an ether functional groups, in which the ester may be the most influential for causing Hepatobiliary disorders.",35,136
COCCOCCOCCOCCOCCOCCOCCOCCOCCOCCOCCOCCOCCOCCOCCOCCOCCOCCOCCOCCOCCOCCOCCOCCOCCOCCOCCO,"This molecule contains ether, hydrocarbon chain, and oxygen functional groups, in which ether may be the most influential for causing Hepatobiliary disorders.",30,168
CC1(C(N2C(S1)C(C2=O)NC(=O)CC3=CC=CC=C3)C(=O)O)C,"This molecule contains an amide, an aromatic ring, a carboxylic acid, and a thiazolidine ring, in which the thiazolidine ring may be the most influential for causing Hepatobiliary disorders.",47,150
C1CN(CCC1OC(C2=CC=C(C=C2)Cl)C3=CC=CC=N3)CCCC(=O)O,"This molecule contains an amide, an ether, a halobenzene, and an imine functional groups, in which the amide may be the most influential for causing Hepatobiliary disorders.",41,146
CC(C)COCC(CN(CC1=CC=CC=C1)C2=CC=CC=C2)N3CCCC3,"This molecule contains alkyl, amine, ether, and phenyl functional groups, in which amine may be the most influential for causing Hepatobiliary disorders.",34,142
CCOP(=O)(OCC)SCC[N+](C)(C)C.[I-],"This molecule contains an ether, iodide, phosphate, and thioether functional groups, in which the iodide may be the most influential for causing Hepatobiliary disorders.",36,136
C1=CC=C(C=C1)[C@H](CNCCC2=CC=C(C=C2)NC(=O)CC3=CSC(=N3)N)O,"This molecule contains an amide, an ether, a secondary amine, and a thiourea functional group, in which the amide may be the most influential for causing Hepatobiliary disorders.",41,153
CCCCCCOC(=O)CCC(=O)CN.Cl,"This molecule contains an amide, an ester, an ether, and a halide functional groups, in which the amide may be the most influential for causing Hepatobiliary disorders.",39,128
CCC(C(=O)N)N1CCCC1=O,"This molecule contains an amide, a carbonyl, a piperidone, and a secondary amine functional groups, in which the piperidone may be the most influential for causing Hepatobiliary disorders.",46,127
CNCCC1=CC=CC=N1,"This molecule contains a cyano group, an imine, and a benzene ring, in which the cyano group may be the most influential for causing Hepatobiliary disorders.",37,122
CC1CC2C3CCC4=CC(=O)C=CC4(C3(C(CC2(C1(C(=O)COP(=O)(O)O)O)C)O)F)C,"This molecule contains an ester, a ketone, a phenyl ring, and a phosphate group, in which the ester may be the most influential for causing Hepatobiliary disorders.",39,162
CC(C)NCC(COC1=CC=C(C=C1)CCOCC2CC2)O,"This molecule contains an ether, a secondary amine, a tertiary alcohol, and an aromatic ring, in which the aromatic ring may be the most influential for causing Hepatobiliary disorders.",38,136
CC(C[N+](C)(C)C)OC(=O)N,"This molecule contains an amide, an ether, a quaternary ammonium, and a tertiary amine functional groups, in which the quaternary ammonium may be the most influential for causing Hepatobiliary disorders.",46,130
CCC(C1=CC(=CC=C1)O)C(C)CN(C)C,"This molecule contains an aromatic ring, an ether, a tertiary amine, and an isopropyl group, in which the tertiary amine may be the most influential for causing Hepatobiliary disorders.",42,133
CC(CS(=O)(=O)C1=CC=C(C=C1)F)(C(=O)NC2=CC(=C(C=C2)C#N)C(F)(F)F)O,"This molecule contains an amide, an aryl fluoride, a sulfone, and a trifluoromethyl group, in which the sulfone may be the most influential for causing Hepatobiliary disorders.",43,162
CC(C)OC(=O)CCC/C=C/CC1C(CC(C1/C=C/C(COC2=CC=CC=C2)(F)F)O)O,"This molecule contains an alkene, an ether, an ester, and a phenyl group, in which the ester may be the most influential for causing Hepatobiliary disorders.",38,151
CC[C@H](C)[C@@H](C(=O)N[C@@H](C(C)C)C(=O)N[C@@H](CCC(=O)O)C(=O)N[C@@H](CCC(=O)N)C(=O)N[C@@H](CS)C(=O)N[C@@H](CS)C(=O)N[C@@H]([C@@H](C)O)C(=O)N[C@@H](CO)C(=O)N[C@@H]([C@@H](C)CC)C(=O)N[C@@H](CS)C(=O)N[C@@H](CO)C(=O)N[C@@H](CC(C)C)C(=O)N[C@@H](CC1=CC=C(C=C1)O)C(=O)N[C@@H](CCC(=O)N)C(=O)N[C@@H](CC(C)C)C(=O)N[C@@H](CCC(=O)O)C(=O)N[C@@H](CC(=O)N)C(=O)N[C@@H](CC2=CC=C(C=C2)O)C(=O)N[C@@H](CS)C(=O)N[C@@H](CC(=O)N)C(=O)O)NC(=O)CN.C[C@H]([C@@H](C(=O)N[C@@H](CCCCN)C(=O)N1CCC[C@H]1C(=O)N[C@@H]([C@@H](C)O)C(=O)O)NC(=O)[C@H](CC2=CC=C(C=C2)O)NC(=O)[C@H](CC3=CC=CC=C3)NC(=O)[C@H](CC4=CC=CC=C4)NC(=O)CNC(=O)[C@H](CCCNC(=N)N)NC(=O)[C@H](CCC(=O)O)NC(=O)CNC(=O)[C@H](CS)NC(=O)[C@H](C(C)C)NC(=O)[C@H](CC(C)C)NC(=O)[C@H](CC5=CC=C(C=C5)O)NC(=O)[C@H](CC(C)C)NC(=O)[C@H](C)NC(=O)[C@H](CCC(=O)O)NC(=O)[C@H](C(C)C)NC(=O)[C@H](CC(C)C)NC(=O)[C@H](CC6=CN=CN6)NC(=O)[C@H](CO)NC(=O)CNC(=O)[C@H](CS)NC(=O)[C@H](CC(C)C)NC(=O)[C@H](CC7=CN=CN7)NC(=O)[C@H](CCC(=O)N)NC(=O)[C@H](CC(=O)N)NC(=O)[C@H](C(C)C)NC(=O)[C@H](CC8=CC=CC=C8)N)O,"This molecule contains amide, aromatic ring, ester, and thioether functional groups, in which amide may be the most influential for causing Hepatobiliary disorders.",36,870
CC(=O)OC1=CC=C(C=C1)C(C2=CC=C(C=C2)OC(=O)C)C3=CC=CC=N3,"This molecule contains an ester, a ketone, phenyl rings, and a pyridine ring, in which the ester may be the most influential for causing Hepatobiliary disorders.",40,152
CC[C@H](C)[C@@H](C(=O)N[C@@H](CC(C)C)C(=O)NCC(=O)N[C@@H](CO)C(=O)N[C@@H](CC(=O)O)C(=O)NCC(=O)N[C@@H](CCC(=O)O)C(=O)N[C@@H](CCCCN)C(=O)N[C@@H](CC(=O)N)C(=O)N[C@@H](CCC(=O)N)C(=O)N[C@@H](CS)C(=O)N[C@@H](C(C)C)C(=O)N[C@@H]([C@@H](C)O)C(=O)NCC(=O)N[C@@H](CCC(=O)O)C(=O)NCC(=O)N[C@@H]([C@@H](C)O)C(=O)N1CCC[C@H]1C(=O)N[C@@H](CCCCN)C(=O)N2CCC[C@H]2C(=O)N[C@@H](CCC(=O)N)C(=O)N[C@@H](CO)C(=O)N[C@@H](CC3=CN=CN3)C(=O)N[C@@H](CC(=O)N)C(=O)N[C@@H](CC(=O)O)C(=O)NCC(=O)N[C@@H](CC(=O)O)C(=O)N[C@@H](CC4=CC=CC=C4)C(=O)N[C@@H](CCC(=O)O)C(=O)N[C@@H](CCC(=O)O)C(=O)N[C@@H]([C@@H](C)CC)C(=O)N5CCC[C@H]5C(=O)N[C@@H](CCC(=O)O)C(=O)N[C@@H](CCC(=O)O)C(=O)N[C@@H](CC6=CC=C(C=C6)O)C(=O)N[C@@H](CC(C)C)C(=O)N[C@@H](CCC(=O)N)C(=O)O)NC(=O)[C@H](CS)NC(=O)[C@H](CCCCN)NC(=O)[C@H](CC(=O)N)NC(=O)CNC(=O)[C@H](CCC(=O)N)NC(=O)CNC(=O)[C@H](CS)NC(=O)[C@H](C(C)C)NC(=O)[C@H](CC(=O)N)NC(=O)[C@H](CO)NC(=O)CNC(=O)[C@H](CCC(=O)O)NC(=O)[C@H](CS)NC(=O)[C@H](CC(C)C)NC(=O)[C@H](CS)NC(=O)[C@H](CC(C)C)NC(=O)[C@H](CC(=O)N)NC(=O)[C@H](CCC(=O)N)NC(=O)CNC(=O)[C@H](CO)NC(=O)[C@H](CCC(=O)O)NC(=O)[C@H]([C@@H](C)O)NC(=O)[C@H](CS)NC(=O)[C@H](CC(=O)O)NC(=O)[C@H]([C@@H](C)O)NC(=O)[C@H](CC7=CC=C(C=C7)O)NC(=O)[C@H]([C@@H](C)O)NC(=O)[C@H](CC(C)C)N,"This molecule contains amide, aromatic ring, ester, and thioether functional groups, in which amide may be the most influential for causing Hepatobiliary disorders.",36,1032
CCC1=C(C=C2CC(CC2=C1)NCC(C3=C4C=CC(=O)NC4=C(C=C3)O)O)CC,"This molecule contains amine, ether, hydroxyl, and ketone functional groups, in which ketone may be the most influential for causing Hepatobiliary disorders.",35,150
CC[C@H](C)[C@@H](C(=O)N[C@@H](CC(C)C)C(=O)N1CCC[C@H]1C(=O)N2CCC[C@H]2C(=O)N[C@@H]([C@@H](C)O)C(=O)N[C@@H](CC(=O)N)C(=O)N[C@@H](C(C)C)C(=O)NCC(=O)N[C@@H](CO)C(=O)N[C@@H](CC(=O)N)C(=O)N[C@@H]([C@@H](C)O)C(=O)N[C@@H](CC3=CC=C(C=C3)O)C(=O)N)NC(=O)[C@@H]4CCCN4C(=O)CNC(=O)[C@H](CC5=CC=CC=C5)NC(=O)[C@H](CC(=O)N)NC(=O)[C@H](CC(=O)N)NC(=O)[C@H](CO)NC(=O)[C@H](CO)NC(=O)[C@H](CC6=CN=CN6)NC(=O)[C@H](C(C)C)NC(=O)[C@H](CC(C)C)NC(=O)[C@H](CC7=CC=CC=C7)NC(=O)[C@H](CC(=O)N)NC(=O)[C@H](C)NC(=O)[C@H](CC(C)C)NC(=O)[C@H](CCCNC(=N)N)NC(=O)[C@H](CCC(=O)N)NC(=O)[C@H]([C@@H](C)O)NC(=O)[C@H](C)NC(=O)[C@H](CS)NC(=O)[C@H]([C@@H](C)O)NC(=O)[C@H](C)NC(=O)[C@H]([C@@H](C)O)NC(=O)[C@H](CC(=O)N)NC(=O)[C@H](CS)NC(=O)[C@H](CCCCN)N,"This molecule contains amide, aromatic ring, thioether, and urea functional groups, in which amide may be the most influential for causing Hepatobiliary disorders.",36,653
C1COCC(=O)N1C2=CC=C(C=C2)N3CC(OC3=O)CNC(=O)C4=CC=C(S4)Cl,"This molecule contains amide, aryl chloride, lactam, and thiophene functional groups, in which aryl chloride may be the most influential for causing Hepatobiliary disorders.",38,156
CC(C)NCC(COC1=CC=C(C=C1)COCCOC(C)C)O,"This molecule contains an ether, a secondary amine, a tertiary alcohol, and an aromatic ring functional groups, in which the aromatic ring may be the most influential for causing Hepatobiliary disorders.",40,136
CC(C)NCC(COC1=CC=C(C=C1)CCC(=O)OC)O,"This molecule contains an amine, an ether, a phenyl ring, and an ester functional groups, in which the ester may be the most influential for causing Hepatobiliary disorders.",40,136
C1C(C(C(C(N1CCO)CO)O)O)O,"This molecule contains an ether, hydroxyl, primary amine, and tetrahydrofuran functional groups, in which the primary amine may be the most influential for causing Hepatobiliary disorders.",42,131
CC[N+](C)(C)CC1=CC=CC=C1Br,"This molecule contains an alkyl halide, an aromatic ring, a quaternary ammonium, and a tertiary amine, in which the quaternary ammonium may be the most influential for causing Hepatobiliary disorders.",47,130
C1CN=C(N1)NC2=C(C3=NC=CN=C3C=C2)Br,"This molecule contains a bromine substituent, a pyrimidine ring, a triazole ring, and an imine group, in which the bromine substituent may be the most influential for causing Hepatobiliary disorders.",46,136
C[C@H]1C[C@@H]2[C@H](CC[C@]3([C@H]2CC[C@@]3(C(=O)C)O)C)[C@@]4(C1=CC(=O)CC4)C,"This molecule contains cyclohexane rings, cyclopentane rings, a ketone group, and a secondary alcohol group, in which the ketone group may be the most influential for causing Hepatobiliary disorders.",45,172
C1C(=O)NC2=C(C=C(C=C2)Br)C(=N1)C3=CC=CC=N3,"This molecule contains an amide, a bromobenzene, an imidazole, and a pyrimidine functional group, in which the amide may be the most influential for causing Hepatobiliary disorders.",44,145
CN(CC1=CC(=CC(=C1N)Br)Br)C2CCCCC2,"This molecule contains a bromobenzene, cyano, dimethylamino, and piperidine functional groups, in which bromobenzene may be the most influential for causing Hepatobiliary disorders.",43,136
CC(C)CC1C(=O)N2CCCC2C3(N1C(=O)C(O3)(C(C)C)NC(=O)C4CN(C5CC6=C(NC7=CC=CC(=C67)C5=C4)Br)C)O,"This molecule contains amide, bromobenzene, ether, and tertiary amine functional groups, in which bromobenzene may be the most influential for causing Hepatobiliary disorders.",39,180
CC1([C@@H]2[C@H]1[C@H](N(C2)C(=O)[C@H](C(C)(C)C)NC(=O)NC(C)(C)C)C(=O)NC(CC3CCC3)C(=O)C(=O)N)C,"This molecule contains amide, cyclohexane, ketone, and tertiary butyl groups, in which amide may be the most influential for causing Hepatobiliary disorders.",37,186
C[C@H]([C@@H](C(=O)O)N)O[C@@H]1[C@@H]([C@H]([C@H]([C@H](O1)CO[C@@]2(C[C@@H]([C@H]([C@@H](O2)[C@@H]([C@@H](CO)O)O)NC(=O)CNC(=O)OCCOC)O)C(=O)O)O)O)NC(=O)C,"This molecule contains acetal, amide, ester, and glycosidic linkages, in which the ester may be the most influential for causing Hepatobiliary disorders.",38,232
CCCC1OC2CC3C4CCC5=CC(=O)C=CC5(C4C(CC3(C2(O1)C(=O)CO)C)O)C,"This molecule contains a cyclohexane ring, an ester group, a ketone group, and a tertiary alcohol, in which the ketone group may be the most influential for causing Hepatobiliary disorders.",44,156
CN1C2=C(C(=O)N(C1=O)C)NC(=N2)Cl.CN(C)CCOC(C1=CC=CC=C1)C2=CC=CC=C2,"This molecule contains amide, aromatic ring, ether, and nitrile functional groups, in which amide may be the most influential for causing Hepatobiliary disorders.",35,161
CCCCNC1=C(C(=CC(=C1)C(=O)O)S(=O)(=O)N)OC2=CC=CC=C2,"This molecule contains an amide, an aryl ether, a benzene ring, and a sulfonamide functional group, in which the sulfonamide may be the most influential for causing Hepatobiliary disorders.",44,152
CCCCN1CCCCC1C(=O)NC2=C(C=CC=C2C)C,"This molecule contains an amide, an aromatic ring, a cyclohexane, and a ketone functional groups, in which the amide may be the most influential for causing Hepatobiliary disorders.",42,135
CC(C)(C)C(C)(C1CC23CCC1(C4C25CCN(C3CC6=C5C(=C(C=C6)O)O4)CC7CC7)OC)O,"This molecule contains an ether, a phenol, a tertiary amine, and a cyclohexane ring, in which the phenol may be the most influential for causing Hepatobiliary disorders.",41,160
C1CCC2(C1)CC(=O)N(C(=O)C2)CCCCN3CCN(CC3)C4=NC=CC=N4,"This molecule contains amide, amines, aromatic rings, and a ketone functional groups, in which amide may be the most influential for causing Hepatobiliary disorders.",37,150
CS(=O)(=O)OCCCCOS(=O)(=O)C,"This molecule contains alkoxy, ether, sulfonate, and sulfone functional groups, in which sulfonate may be the most influential for causing Hepatobiliary disorders.",37,132
CCC(C)C1(C(=O)NC(=O)NC1=O)CC,"This molecule contains amide, ketone, secondary cyclohexane, and tertiary carbon groups, in which amide may be the most influential for causing Hepatobiliary disorders.",37,134
CCCCN1C[C@@H]([C@H]([C@@H]([C@H]1CO)O)O)O,"This molecule contains an aliphatic chain, an ether, a hemiacetal, and a piperidine ring, in which the piperidine ring may be the most influential for causing Hepatobiliary disorders.",44,144
CC(C)(C)C1=CC=C(C=C1)CN(C)CC2=CC=CC3=CC=CC=C32,"This molecule contains an amine, an aromatic ring, a tertiary carbon, and a tricyclic system, in which the amine may be the most influential for causing Hepatobiliary disorders.",41,143
CC(C)C(=O)OC1=C(C=C(C=C1)CO)[C@H](CCN(C(C)C)C(C)C)C2=CC=CC=C2,"This molecule contains an amine, an ester, an ether, and a phenyl group, in which the ester may be the most influential for causing Hepatobiliary disorders.",38,156
C1CCC2(C3CC4=C(C2(C1)CCN3CC5CCC5)C=C(C=C4)O)O,"This molecule contains an ether, phenol, piperidine, and tertiary amine functional groups, in which the phenol may be the most influential for causing Hepatobiliary disorders.",38,144
C1=CC(=CC=C1NC(=NC(=NCCCCCCN=C(N)N=C(N)NC2=CC=C(C=C2)Cl)N)N)Cl.C([C@H]([C@H]([C@@H]([C@H](C(=O)O)O)O)O)O)O.C([C@H]([C@H]([C@@H]([C@H](C(=O)O)O)O)O)O)O,"This molecule contains amide, aromatic, chlorobenzene, and hydroxyl functional groups, in which chlorobenzene may be the most influential for causing Hepatobiliary disorders.",39,228
CCNC(=O)N(CCCN(C)C)C(=O)C1CC2C(CC3=CNC4=CC=CC2=C34)N(C1)CC=C,"This molecule contains amide, aromatic, imine, and tertiary amine functional groups, in which amide may be the most influential for causing Hepatobiliary disorders.",35,156
CC(C[N+](C)(C)C)OC(=O)C,"This molecule contains an amine, an ester, an ether, and a tertiary carbon center functional groups, in which the ester may be the most influential for causing Hepatobiliary disorders.",40,130
CN1C=NC2=C1C(=O)N(C(=O)N2C)C,"This molecule contains amide, cyano, imidazole, and pyrimidine functional groups, in which cyano may be the most influential for causing Hepatobiliary disorders.",37,137
CC(C)C(CCCN(C)CCC1=CC(=C(C=C1)OC)OC)(C#N)C2=CC(=C(C=C2)OC)OC,"This molecule contains amine, aromatic rings, ether, and nitrile functional groups, in which nitrile may be the most influential for causing Hepatobiliary disorders.",36,155
CC(C=CC(C1CC1)O)C2CCC3C2(CCCC3=CC=C4CC(CC(C4=C)O)O)C,"This molecule contains cyclohexane rings, cyclopentane rings, phenyl groups, and hydroxyl groups, in which hydroxyl groups may be the most influential for causing Hepatobiliary disorders.",44,148
CC(CCCC(C)(C)O)C1CCC2C1(CCCC2=CC=C3CC(CC(C3=C)O)O)C,"This molecule contains alcohol, alkene, cyclohexane, and cyclopentane functional groups, in which alcohol may be the most influential for causing Hepatobiliary disorders.",37,146
COC1=C(C=C2C(=C1)CC(C2=O)CC3CCN(CC3)CC4=CC=CC=C4)OC,"This molecule contains an ether, ketone, phenyl, and piperidine functional groups, in which the ketone may be the most influential for causing Hepatobiliary disorders.",37,149
CCOC1=NC2=CC=CC(=C2N1CC3=CC=C(C=C3)C4=CC=CC=C4C5=NNN=N5)C(=O)OC(C)OC(=O)OC6CCCCC6,"This molecule contains amide, ether, imine, and triazole functional groups, in which amide may be the most influential for causing Hepatobiliary disorders.",34,172
CCOC1=NC2=CC=CC(=C2N1CC3=CC=C(C=C3)C4=CC=CC=C4C5=NNN=N5)C(=O)O,"This molecule contains an ester, an ether, a ketone, and a triazole functional groups, in which the ester may be the most influential for causing Hepatobiliary disorders.",39,160
C1CN=C(NC1C2C(=O)NCC(C(=O)NC(C(=O)NC(C(=O)NC(=CNC(=O)N)C(=O)N2)CNC(=O)CC(CCCN)N)CO)N)N,"This molecule contains amide, ester, guanidine, and piperidine functional groups, in which guanidine may be the most influential for causing Hepatobiliary disorders.",38,183
CC(C)C=CCCCCC(=O)NCC1=CC(=C(C=C1)O)OC,"This molecule contains an amide, an aromatic ring, an ether, and a ketone functional groups, in which the amide may be the most influential for causing Hepatobiliary disorders.",39,138
CC(CS)C(=O)N1CCCC1C(=O)O,"This molecule contains an amide, carboxylic acid, thioether, and a piperidine ring functional groups, in which the amide may be the most influential for causing Hepatobiliary disorders.",44,132
C[N+](C)(C)CCOC(=O)N,"This molecule contains an amide, an ether, a quaternary ammonium, and a tertiary amine functional groups, in which the quaternary ammonium may be the most influential for causing Hepatobiliary disorders.",46,128
C1=CC=C2C(=C1)C=CC3=CC=CC=C3N2C(=O)N,"This molecule contains an amide, an indole, and a phenyl functional group, in which the amide may be the most influential for causing Hepatobiliary disorders.",36,143
CC1(C(N2C(S1)C(C2=O)NC(=O)C(C3=CC=CC=C3)C(=O)[O-])C(=O)[O-])C,"This molecule contains amide, aromatic ring, carboxylate, and thiazolidine functional groups, in which the thiazolidine may be the most influential for causing Hepatobiliary disorders.",42,160
CC(CC1=CC(=C(C=C1)O)O)(C(=O)O)NN,"This molecule contains an amide, an aromatic ring, hydroxyl groups, and a nitroso group, in which the nitroso group may be the most influential for causing Hepatobiliary disorders.",43,137
CN(C)CCOC(C1=CC=C(C=C1)Cl)C2=CC=CC=N2,"This molecule contains an amine, an ether, a chlorobenzene, and a pyridine functional groups, in which chlorobenzene may be the most influential for causing Hepatobiliary disorders.",43,137
CCCC(C)(COC(=O)N)COC(=O)NC(C)C,"This molecule contains amide, ether, ketone, and tertiary carbon groups, in which amide may be the most influential for causing Hepatobiliary disorders.",33,135
CC1=CN=C(C=[N+]1[O-])C(=O)O,"This molecule contains a carboxylic acid, a diazole ring, a ketone, and a nitroso group, in which the carboxylic acid may be the most influential for causing Hepatobiliary disorders.",48,133
C(CCl)NC(=O)N(CCCl)N=O,"This molecule contains an amide, chloroalkane, nitroso, and secondary amine functional groups, in which chloroalkane may be the most influential for causing Hepatobiliary disorders.",42,130
CC(C)(C)NCC(COC1=CC=CC2=C1CCC(=O)N2)O,"This molecule contains an amine, an ether, a ketone, and a phenyl ring functional groups, in which the ketone may be the most influential for causing Hepatobiliary disorders.",40,139
COC1=CC=CC=C1OCCNCC(COC2=CC=CC3=C2C4=CC=CC=C4N3)O,"This molecule contains an ether, a phenol, a secondary amine, and a tertiary amine functional groups, in which the tertiary amine may be the most influential for causing Hepatobiliary disorders.",42,148
C1C(=C(N2C(S1)C(C2=O)NC(=O)C(C3=CC=CC=C3)N)C(=O)O)Cl,"This molecule contains an amide, a benzene ring, a chloro substituent, and a thiazolidine ring, in which the thiazolidine ring may be the most influential for causing Hepatobiliary disorders.",47,156
CC1=C(N2C(C(C2=O)NC(=O)C(C3=CC=C(C=C3)O)N)SC1)C(=O)O,"This molecule contains an amide, an aromatic ring, a carboxylic acid, and a thioether functional groups, in which the thioether may be the most influential for causing Hepatobiliary disorders.",45,153
C1CC(N(C1)C(=O)C2CSSCC(C(=O)NC(C(=O)NC(C(=O)NC(C(=O)NC(C(=O)N2)CC(=O)N)CCC(=O)N)CC3=CC=CC=C3)CC4=CC=C(C=C4)O)N)C(=O)NC(CCCCN)C(=O)NCC(=O)N.C1CC(N(C1)C(=O)C2CSSCC(C(=O)NC(C(=O)NC(C(=O)NC(C(=O)NC(C(=O)N2)CC(=O)N)CCC(=O)N)CC3=CC=CC=C3)CC4=CC=C(C=C4)O)N)C(=O)NC(CCCN=C(N)N)C(=O)NCC(=O)N,"This molecule contains amide, aromatic ring, disulfide, and thioether functional groups, in which the disulfide may be the most influential for causing Hepatobiliary disorders.",39,329
CC1=NN=C(S1)SCC2=C(N3C(C(C3=O)NC(=O)CN4C=NN=N4)SC2)C(=O)[O-],"This molecule contains amide, carboxylate, thiazole, and triazole functional groups, in which carboxylate may be the most influential for causing Hepatobiliary disorders.",40,158
C[N+]1(CCCC1)CC2=C(N3C(C(C3=O)NC(=O)C(=NOC)C4=CSC(=N4)N)SC2)C(=O)[O-],"This molecule contains amide, ester, oxadiazole, and thiazole functional groups, in which oxadiazole may be the most influential for causing Hepatobiliary disorders.",40,166
CC(=O)OCC1=C(N2C(C(C2=O)NC(=O)C(=NOC)C3=CSC(=N3)N)SC1)C(=O)[O-],"This molecule contains amide, ester, oxadiazole, and thiazole functional groups, in which oxadiazole may be the most influential for causing Hepatobiliary disorders.",40,164
COC1(C2N(C1=O)C(=C(CS2)COC(=O)N)C(=O)[O-])NC(=O)CC3=CC=CS3,"This molecule contains an ester, ketone, thioether, and thiazolidine functional groups, in which the thiazolidine may be the most influential for causing Hepatobiliary disorders.",42,160
C(CSC[C@@H]1[C@@H]2[C@@H]([C@H]([C@H](O1)O[C@@H]3[C@H](O[C@@H]([C@@H]([C@H]3O)O)O[C@@H]4[C@H](O[C@@H]([C@@H]([C@H]4O)O)O[C@@H]5[C@H](O[C@@H]([C@@H]([C@H]5O)O)O[C@@H]6[C@H](O[C@@H]([C@@H]([C@H]6O)O)O[C@@H]7[C@H](O[C@@H]([C@@H]([C@H]7O)O)O[C@@H]8[C@H](O[C@@H]([C@@H]([C@H]8O)O)O[C@@H]9[C@H](O[C@H](O2)[C@@H]([C@H]9O)O)CSCCC(=O)[O-])CSCCC(=O)[O-])CSCCC(=O)[O-])CSCCC(=O)[O-])CSCCC(=O)[O-])CSCCC(=O)[O-])CSCCC(=O)[O-])O)O)C(=O)[O-].[Na+].[Na+].[Na+].[Na+].[Na+].[Na+].[Na+].[Na+],"This molecule contains carboxylate, ether, hydroxyl, and thioether functional groups, in which carboxylate may be the most influential for causing Hepatobiliary disorders.",40,460
CC=CC1=C(N2C(C(C2=O)NC(=O)C(C3=CC=C(C=C3)O)N)SC1)C(=O)O,"This molecule contains amide, aromatic ring, ester, and thioether functional groups, in which ester may be the most influential for causing Hepatobiliary disorders.",36,155
CC(C)(C(=O)O)ON=C(C1=CSC(=N1)N)C(=O)NC2C3N(C2=O)C(=C(CS3)C[N+]4=CC=CC=C4)C(=O)[O-],"This molecule contains amide, ester, thiazole, and triazole functional groups, in which thiazole may be the most influential for causing Hepatobiliary disorders.",37,178
C1C=C(N2C(S1)C(C2=O)NC(=O)C(=CCC(=O)O)C3=CSC(=N3)N)C(=O)O,"This molecule contains amide, ester, thiazole, and thioamide functional groups, in which thiazole may be the most influential for causing Hepatobiliary disorders.",38,161
CON=C(C1=CSC(=N1)N)C(=O)NC2C3N(C2=O)C(=CCS3)C(=O)O,"This molecule contains amide, imine, thiazole, and thioether functional groups, in which imine may be the most influential for causing Hepatobiliary disorders.",37,154
CN1C(=NC(=O)C(=N1)[O-])SCC2=C(N3C(C(C3=O)NC(=O)C(=NOC)C4=CSC(=N4)N)SC2)C(=O)[O-],"This molecule contains amide, imidazole, thiazole, and triazole functional groups, in which triazole may be the most influential for causing Hepatobiliary disorders.",37,178
CON=C(C1=CC=CO1)C(=O)NC2C3N(C2=O)C(=C(CS3)COC(=O)N)C(=O)[O-],"This molecule contains an amide, an ester, a thiazolidine ring, and a thiophene ring, in which the thiazolidine ring may be the most influential for causing Hepatobiliary disorders.",46,162
CC1=CC=C(C=C1)C2=CC(=NN2C3=CC=C(C=C3)S(=O)(=O)N)C(F)(F)F,"This molecule contains an aryl sulfonamide, fluorinated alkyl, phenyl, and triazole functional groups, in which the aryl sulfonamide may be the most influential for causing Hepatobiliary disorders.",45,155
CCN(CC)C(=O)NC1=CC(=C(C=C1)OCC(CNC(C)(C)C)O)C(=O)C,"This molecule contains amide, aromatic ring, ether, and ketone functional groups, in which amide may be the most influential for causing Hepatobiliary disorders.",34,151
CC1=C(N2C(C(C2=O)NC(=O)C(C3=CC=CC=C3)N)SC1)C(=O)O,"This molecule contains amide, aromatic ring, ester, and thiazolidine functional groups, in which thiazolidine may be the most influential for causing Hepatobiliary disorders.",39,151
CC1C(C(C(C(O1)OCC2C(C(C(C(O2)OC3=C(OC4=CC(=CC(=C4C3=O)O)OCCO)C5=CC(=C(C=C5)OCCO)OCCO)O)O)O)O)O)O,"This molecule contains acetal, ether, hemiketal, and phenol functional groups, in which acetal may be the most influential for causing Hepatobiliary disorders.",35,188
[CH2]CC=O,"This molecule contains an alkene, an aldehyde, and a methylene group, in which the aldehyde may be the most influential for causing Hepatobiliary disorders.",35,120
C=CC1=C(N2C(C(C2=O)NC(=O)C(=NOCC(=O)O)C3=CSC(=N3)N)SC1)C(=O)O,"This molecule contains amide, ester, thiazole, and thiourea functional groups, in which thiourea may be the most influential for causing Hepatobiliary disorders.",38,163
CC(C)C1=C(C(=C(C(=N1)C(C)C)C=CC(CC(CC(=O)O)O)O)C2=CC=C(C=C2)F)COC,"This molecule contains an amine, an aromatic ring, an ester, and a fluoroarene functional groups, in which the ester may be the most influential for causing Hepatobiliary disorders.",42,162
C1CN(CCN1CCOCC(=O)O)C(C2=CC=CC=C2)C3=CC=C(C=C3)Cl,"This molecule contains a benzene ring, a carboxylic acid ester, a chlorobenzene ring, and a piperazine ring, in which the carboxylic acid ester may be the most influential for causing Hepatobiliary disorders.",54,148
CC(C)[C@H]1C(=O)N[C@H](C(=O)N([C@H](C(=O)N[C@H](C(=O)N[C@@H](C(=O)N[C@H](C(=O)N1)CCCCN)CC2=CNC3=CC=CC=C32)CC4=CC=C(C=C4)O)CC5=CC=CC=C5)C)CCSCC(=O)NC[C@@H](C(=O)N[C@@H](CCCCN)C(=O)N[C@@H](CS)C(=O)N[C@@H](CCCCN)C(=O)N)N,"This molecule contains amide, aromatic, thioether, and urea functional groups, in which amide may be the most influential for causing Hepatobiliary disorders.",35,275
CC1OC2(CN3CCC2CC3)CS1,"This molecule contains an ether, a thioether, a piperidine, and a cyclohexane functional groups, in which the thioether may be the most influential for causing Hepatobiliary disorders.",44,127
CC1=C[C@@H]2[C@H](CC[C@]3([C@H]2CC[C@@]3(C(=O)C)O)C)[C@@]4(C1=CC(=O)CC4)C,"This molecule contains cyclohexane rings, cyclopentane rings, a ketone group, and a secondary alcohol group, in which the ketone group may be the most influential for causing Hepatobiliary disorders.",45,168
CC(C)(CC1=CC=C(C=C1)OC)NCC(C2=CC(=CC3=C2OCC(=O)N3)O)O,"This molecule contains an amine, an ether, an ester, and a phenol functional groups, in which the ester may be the most influential for causing Hepatobiliary disorders.",39,151
CCCCCOC1=CC=C(C=C1)C2=CC=C(C=C2)C3=CC=C(C=C3)C(=O)N[C@H]4C[C@H]([C@H](NC(=O)[C@@H]5[C@H]([C@H](CN5C(=O)[C@@H](NC(=O)[C@@H](NC(=O)[C@@H]6C[C@H](CN6C(=O)[C@@H](NC4=O)[C@@H](C)O)O)[C@@H]([C@H](C7=CC=C(C=C7)O)O)O)[C@@H](C)O)C)O)O)O,"This molecule contains amide, aryl, ether, and hydroxyl functional groups, in which amide may be the most influential for causing Hepatobiliary disorders.",35,282
CN=C1CN(C(=C2C=C(C=CC2=N1)Cl)C3=CC=CC=C3)O,"This molecule contains an amine, a chlorobenzene, a cyano group, and an imine functional group, in which the cyano group may be the most influential for causing Hepatobiliary disorders.",44,143
C1=CC(=CC=C1NC(=NC(=NCCCCCCN=C(N)N=C(N)NC2=CC=C(C=C2)Cl)N)N)Cl,"This molecule contains amine, aromatic rings, azo groups, and chlorobenzene functional groups, in which azo groups may be the most influential for causing Hepatobiliary disorders.",39,154
C1=CN=CC=C1N,"This molecule contains an amine, an aromatic ring, and a nitrile functional group, in which the nitrile may be the most influential for causing Hepatobiliary disorders.",38,122
CCN(CC)CCCC(C)NC1=C2C=CC(=CC2=NC=C1)Cl,"This molecule contains amine, chlorobenzene, imine, and secondary amine functional groups, in which chlorobenzene may be the most influential for causing Hepatobiliary disorders.",40,137
C1=C2C(=CC(=C1Cl)S(=O)(=O)N)S(=O)(=O)N=CN2,"This molecule contains a chlorobenzene ring, a sulfonamide group, a thiazine ring, and a triazole ring, in which the sulfonamide group may be the most influential for causing Hepatobiliary disorders.",48,149
CN(C)CCC(C1=CC=C(C=C1)Cl)C2=CC=CC=N2,"This molecule contains an amine, aryl halide, benzene ring, and imine functional groups, in which the aryl halide may be the most influential for causing Hepatobiliary disorders.",42,136
CN(C)CCCN1C2=CC=CC=C2SC3=C1C=C(C=C3)Cl,"This molecule contains amine, chlorobenzene, thiazole, and thioether functional groups, in which chlorobenzene may be the most influential for causing Hepatobiliary disorders.",41,138
CCCNC(=O)NS(=O)(=O)C1=CC=C(C=C1)Cl,"This molecule contains amide, aromatic ring, chlorobenzene, and sulfonamide functional groups, in which sulfonamide may be the most influential for causing Hepatobiliary disorders.",39,137
C(O)(P(=O)(O)O)P(=O)(O)O,"This molecule contains an acyl group, a phosphate group, and two phosphoester groups, in which the phosphate group may be the most influential for causing Hepatobiliary disorders.",37,133
C1=CC=C2C(=C1)C(=O)NC2(C3=CC(=C(C=C3)Cl)S(=O)(=O)N)O,"This molecule contains an amide, an aromatic ring, a carboxylic acid, and a sulfonamide functional group, in which the sulfonamide may be the most influential for causing Hepatobiliary disorders.",45,156
C1=CC2=C(C=C1Cl)NC(=O)O2,"This molecule contains a chlorobenzene ring, a lactam, an oxazole ring, and a phenyl group, in which the lactam may be the most influential for causing Hepatobiliary disorders.",43,131
[Se],"This molecule contains a chalcogen element, in which selenium may be the most influential for causing Hepatobiliary disorders.",25,116
CC1=CC(=O)N(C(=C1)C2CCCCC2)O,"This molecule contains a benzene ring, a cyclohexane ring, a hydroxyl group, and a ketone group, in which the ketone group may be the most influential for causing Hepatobiliary disorders.",46,135
CCOC(=O)C(CCC1=CC=CC=C1)NC2CCCN3CCCC(N3C2=O)C(=O)O,"This molecule contains an amide, an ester, an ether, and a phenyl ring, in which the amide may be the most influential for causing Hepatobiliary disorders.",38,149
C1CCC(CC1)N2C(=NN=N2)CCCCOC3=CC4=C(C=C3)NC(=O)CC4,"This molecule contains an amide, an ether, a piperidine ring, and a triazole ring, in which the amide may be the most influential for causing Hepatobiliary disorders.",40,146
CC1=C(N=CN1)CSCCNC(=NC)NC#N,"This molecule contains an amine, cyano, thioether, and triazole functional groups, in which the triazole may be the most influential for causing Hepatobiliary disorders.",38,132
CCN1C2=CC3=C(C=C2C(=O)C(=N1)C(=O)O)OCO3,"This molecule contains amide, ester, ether, and ketone functional groups, in which amide may be the most influential for causing Hepatobiliary disorders.",34,146
C1CC1N2C=C(C(=O)C3=CC(=C(C=C32)N4CCNCC4)F)C(=O)O,"This molecule contains amide, aniline, ether, and fluoroaromatic functional groups, in which amide may be the most influential for causing Hepatobiliary disorders.",36,152
[NH2-].[NH2-].Cl[Pt+2]Cl,"This molecule contains amide, amine, chloride, and platinum coordination complex functional groups, in which the platinum coordination complex may be the most influential for causing Hepatobiliary disorders.",37,129
CN(C)CCCC1(C2=C(CO1)C=C(C=C2)C#N)C3=CC=C(C=C3)F,"This molecule contains an aromatic ring, cyano, ether, and fluorobenzene functional groups, in which the cyano may be the most influential for causing Hepatobiliary disorders.",38,145
CCCC1=NC2=C(C=C(C=C2N1CC3=CC=C(C=C3)C4=CC=CC=C4C(=O)O)C5=NC6=CC=CC=C6N5C)C,"This molecule contains benzene rings, carboxylic acid, pyridine rings, and triazole rings, in which the carboxylic acid may be the most influential for causing Hepatobiliary disorders.",44,167
CC(C1=CC=CC=C1)(C2=CC=C(C=C2)Cl)OCCC3CCCN3C,"This molecule contains an aromatic ring, chlorobenzene, ether, and piperidine functional groups, in which chlorobenzene may be the most influential for causing Hepatobiliary disorders.",40,141
CCCC1CC(N(C1)C)C(=O)NC(C2C(C(C(C(O2)SC)O)O)O)C(C)Cl,"This molecule contains an amide, a chloroalkane, a thioether, and a tetrahydropyran ring, in which the amide may be the most influential for causing Hepatobiliary disorders.",46,150
CN1C(=O)CC(=O)N(C2=C1C=CC(=C2)Cl)C3=CC=CC=C3,"This molecule contains amide, aromatic ring, chlorobenzene, and ketone functional groups, in which chlorobenzene may be the most influential for causing Hepatobiliary disorders.",39,148
CCC(=O)OC1(C(CC2C1(CC(C3(C2CCC4=CC(=O)C=CC43C)F)O)C)C)C(=O)CCl,"This molecule contains a chloromethyl group, an ester group, a ketone group, and a phenyl ring, in which the chloromethyl group may be the most influential for causing Hepatobiliary disorders.",45,159
CCCC(=O)OC1(C(CC2C1(CC(=O)C3(C2CCC4=CC(=O)C=CC43C)F)C)C)C(=O)CCl,"This molecule contains a carboxylic acid ester, a chloromethyl group, a cyclohexene, and a ketone functional groups, in which the carboxylic acid ester may be the most influential for causing Hepatobiliary disorders.",54,162
CC(C)N=C1C=C2C(=NC3=CC=CC=C3N2C4=CC=C(C=C4)Cl)C=C1NC5=CC=C(C=C5)Cl,"This molecule contains amine, aromatic rings, chlorobenzene, and imine functional groups, in which chlorobenzene may be the most influential for causing Hepatobiliary disorders.",39,159
CCN(CC)CCOC1=CC=C(C=C1)C(=C(C2=CC=CC=C2)Cl)C3=CC=CC=C3,"This molecule contains an amine, an ether, a chloroalkene, and three phenyl rings, in which the chloroalkene may be the most influential for causing Hepatobiliary disorders.",42,150
CN(C)CCCN1C2=CC=CC=C2CCC3=C1C=C(C=C3)Cl,"This molecule contains amine, aryl halide, and tertiary amine functional groups, in which aryl halide may be the most influential for causing Hepatobiliary disorders.",37,138
C1C(=O)NC2=C(C=C(C=C2)[N+](=O)[O-])C(=N1)C3=CC=CC=C3Cl,"This molecule contains an amide, an aromatic ring with a chlorine substituent, a nitro group, and a pyrimidine ring, in which the nitro group may be the most influential for causing Hepatobiliary disorders.",47,153
C1CN=C(N1)NC2=C(C=CC=C2Cl)Cl,"This molecule contains a chlorobenzene ring, imidazole ring, and two chlorine substituents, in which the chlorobenzene ring may be the most influential for causing Hepatobiliary disorders.",43,131
CC(C)CCCCCCCCC(=O)N[C@@H]1[C@H]([C@@H]([C@H](O[C@H]1OC2=C3C=C4C=C2OC5=C(C=C(C=C5)[C@H]([C@H]6C(=O)N[C@@H](C7=CC(=CC(=C7C8=C(C=CC(=C8)[C@H](C(=O)N6)NC(=O)[C@@H]4NC(=O)[C@@H]9C1=CC(=CC(=C1Cl)O)OC1=C(C=C(C=C1)[C@H](C(=O)N[C@H](CC1=CC=C(O3)C=C1)C(=O)N9)NC)O)O)O[C@@H]1[C@H]([C@H]([C@@H]([C@H](O1)CO)O)O)O)O)C(=O)NCCCN(C)C)O)Cl)C(=O)O)O)O,"This molecule contains amide, carboxylic acid, chlorophenol, and ether functional groups, in which chlorophenol may be the most influential for causing Hepatobiliary disorders.",41,370
COC(=O)C(C1=CC=CC=C1Cl)N2CCC3=C(C2)C=CS3,"This molecule contains an amide, an ether, a halobenzene, and a thienopyrrolidine ring, in which the amide may be the most influential for causing Hepatobiliary disorders.",44,142
C1=CC=C(C=C1)C2=NC(C(=O)NC3=C2C=C(C=C3)Cl)C(=O)O,"This molecule contains an amide, an aromatic ring, a carboxylic acid, and a chlorobenzene functional group, in which the amide may be the most influential for causing Hepatobiliary disorders.",45,149
C1=CC=C(C=C1)C(C2=CC=CC=C2)(C3=CC=CC=C3Cl)N4C=CN=C4,"This molecule contains an amine, benzene rings, chlorobenzene, and a pyridine ring, in which the chlorobenzene may be the most influential for causing Hepatobiliary disorders.",43,149
CN1N=C(N=N1)C2=NC=C(C=C2)C3=C(C=C(C=C3)N4C[C@@H](OC4=O)CO)F,"This molecule contains an ether, a fluorobenzene, a triazole, and a pyrimidine functional groups, in which the triazole may be the most influential for causing Hepatobiliary disorders.",42,154
CN1CCN(CC1)C2=C3C=CC=CC3=NC4=C(N2)C=C(C=C4)Cl,"This molecule contains a chlorobenzene, imidazole, piperazine, and pyridine functional groups, in which chlorobenzene may be the most influential for causing hepatobiliary disorders.",42,144
COC1=C(C=C(C=C1)C2=CC3=C(C=C2)C=C(C=C3)C(=O)O)C45CC6CC(C4)CC(C6)C5,"This molecule contains an ester, phenol, ketone, and polycyclic groups, in which the ester may be the most influential for causing Hepatobiliary disorders.",37,160
CN1CCC(=C2C3=C(CCC4=CC=CC=C42)SC=C3)CC1,"This molecule contains an alkene, an aromatic ring, a cyclohexene, and a thioether functional group, in which the thioether may be the most influential for causing Hepatobiliary disorders.",44,139
CN1C2CCC1C(C(C2)OC(=O)C3=CC=CC=C3)C(=O)OC,"This molecule contains an ester, a ketone, an ether, and an aromatic ring, in which the ester may be the most influential for causing Hepatobiliary disorders.",37,144
C1=NC2=C(C(=N1)N)N=CN2CCOCP(=O)(O)O,"This molecule contains an amide, an imidazole ring, a phosphate group, and a pyrimidine ring, in which the phosphate group may be the most influential for causing Hepatobiliary disorders.",42,141
CC(=O)NC1CCC2=CC(=C(C(=C2C3=CC=C(C(=O)C=C13)OC)OC)OC)OC,"This molecule contains an amide, an ester, a ketone, and a phenyl ring, in which the amide may be the most influential for causing Hepatobiliary disorders.",39,153
CCC[C@@H](C(=O)OCC)N[C@H](C)C(=O)N1[C@H]2CCCC[C@H]2C[C@H]1C(=O)O.CC(C)(C)N,"This molecule contains amide, ester, ether, and tertiary amine functional groups, in which amide may be the most influential for causing Hepatobiliary disorders.",35,170
CCC[C@@H](C(=O)OCC)N[C@H](C)C(=O)N1[C@H]2CCCC[C@H]2C[C@H]1C(=O)O,"This molecule contains amide, ester, secondary amine, and tertiary carbon centers, in which amide may be the most influential for causing Hepatobiliary disorders.",35,163
C[C@]12CC[C@H]3[C@H]([C@@H]1CCC2=O)CC(=C)C4=CC(=O)C=C[C@]34C,"This molecule contains a cyclohexene ring, a ketone, a methyl group, and a phenyl ring, in which the ketone may be the most influential for causing Hepatobiliary disorders.",42,159
C1=CC(=CC=C1[C@@H]2[C@H](C(=O)N2C3=CC=C(C=C3)F)CC[C@@H](C4=CC=C(C=C4)F)O)O,"This molecule contains benzene rings, ether linkages, fluorobenzene moieties, and a lactam ring, in which the lactam ring may be the most influential for causing Hepatobiliary disorders.",43,168
C1=CC2=C(C(=C1)OCC(COC3=CC=CC4=C3C(=O)C=C(O4)C(=O)[O-])O)C(=O)C=C(O2)C(=O)[O-],"This molecule contains carboxylate groups, ether linkages, phenolic hydroxyl groups, and polycyclic aromatic systems, in which the carboxylate groups may be the most influential for causing Hepatobiliary disorders.",48,175
CCN(C1=CC=CC=C1C)C(=O)C=CC,"This molecule contains an amide, an aromatic ring, an ether, and an olefin functional groups, in which the amide may be the most influential for causing Hepatobiliary disorders.",39,133
CC1=CC2=C(C=C1C)N(C=N2)C3C(C(C(O3)CO)OP(=O)(O)OC(C)CNC(=O)CCC4(C(C5C6(C(C(C(=N6)C(=C7C(C(C(=N7)C=C8C(C(C(=N8)C(=C4[N-]5)C)CCC(=O)N)(C)C)CCC(=O)N)(C)CC(=O)N)C)CCC(=O)N)(C)CC(=O)N)C)CC(=O)N)C)O.[C-]#N.[Co+2],"This molecule contains amide, cyano, hydroxyl, and phosphate functional groups, in which cyano may be the most influential for causing Hepatobiliary disorders.",35,274
CN(C)CCC=C1C2=CC=CC=C2C=CC3=CC=CC=C31,"This molecule contains an amine, an alkene, and two aromatic rings, in which the amine may be the most influential for causing Hepatobiliary disorders.",34,137
CN(C)CCOC(=O)C(C1=CC=CC=C1)C2(CCCC2)O,"This molecule contains an amine, an ester, an ether, and a phenyl ring, in which the ester may be the most influential for causing Hepatobiliary disorders.",38,139
C1CNP(=O)(OC1)N(CCCl)CCCl,"This molecule contains an amine, an ether, a phosphonate, and two chloroalkyl groups, in which the chloroalkyl groups may be the most influential for causing Hepatobiliary disorders.",44,131
CCC1C(=O)N(CC(=O)N(C(C(=O)NC(C(=O)N(C(C(=O)NC(C(=O)NC(C(=O)N(C(C(=O)N(C(C(=O)N(C(C(=O)N(C(C(=O)N1)C(C(C)CC=CC)O)C)C(C)C)C)CC(C)C)C)CC(C)C)C)C)C)CC(C)C)C)C(C)C)CC(C)C)C)C,"This molecule contains amide, carboxylic acid, hydrocarbon chain, and secondary alcohol functional groups, in which amide may be the most influential for causing Hepatobiliary disorders.",39,246
CN1CCC(=C2C3=CC=CC=C3C=CC4=CC=CC=C42)CC1,"This molecule contains a benzene ring, a cyclohexene ring, a nitrile group, and a piperidine ring, in which the nitrile group may be the most influential for causing Hepatobiliary disorders.",48,141
CC(=O)C1(CCC2C1(CCC3C2C=C(C4=CC(=O)C5CC5C34C)Cl)C)OC(=O)C,"This molecule contains a chlorobenzene ring, cyclohexene, ketone, and lactone functional groups, in which the ketone may be the most influential for causing Hepatobiliary disorders.",42,158
[Li+].[Li+].C(=O)([O-])[O-],"This molecule contains carboxylate, lithium cation, and oxide anion functional groups, in which carboxylate may be the most influential for causing Hepatobiliary disorders.",38,132
C[C@@H]1CC2C3C[C@@H](C4=CC(=O)C=CC4([C@]3(C(CC2(C1C(=O)CO)C)O)Cl)C)F,"This molecule contains a benzene ring, an ester group, a halogen substituent, and a ketone group, in which the halogen substituent may be the most influential for causing Hepatobiliary disorders.",45,166
CC1=C(SC(=N1)C2=CC(=C(C=C2)OCC(C)C)C#N)C(=O)O,"This molecule contains an ester, a ketone, a nitrile, and a thiazole ring, in which the thiazole ring may be the most influential for causing Hepatobiliary disorders.",43,149
C1=CC(=C2C(=C1NCCN)C(=O)C3=C(C2=O)C=NC=C3)NCCN,"This molecule contains amine, amide, aromatic ring, and imine functional groups, in which amide may be the most influential for causing Hepatobiliary disorders.",35,152
CC12CCC3C(C1CCC2(C#C)O)CCC4=CC5=C(CC34C)C=NO5,"This molecule contains an alkyne, an ether, a ketone, and a pyridine N-oxide functional group, in which the pyridine N-oxide may be the most influential for causing Hepatobiliary disorders.",48,142
C1C(=O)N=C(N1N=CC2=CC=C(O2)C3=CC=C(C=C3)[N+](=O)[O-])[O-],"This molecule contains a 1,3-diazole ring, a nitro group, an oxazole ring, and a quinone imine, in which the quinone imine may be the most influential for causing Hepatobiliary disorders.",52,155
C1=CC(=CC=C1N)S(=O)(=O)C2=CC=C(C=C2)N,"This molecule contains an aniline, benzenesulfonamide, phenyl, and sulfonamide functional groups, in which sulfonamide may be the most influential for causing Hepatobiliary disorders.",42,142
CC1C(C(CC(O1)OC2CC(CC3=C(C4=C(C(=C23)O)C(=O)C5=C(C4=O)C=CC=C5OC)O)(C(=O)C)O)N)O,"This molecule contains ether, ester, ketone, and phenol functional groups, in which ketone may be the most influential for causing Hepatobiliary disorders.",34,172
CC1=C(C(=O)C=CN1C)O,"This molecule contains a carbonyl group, an ether group, a pyridine ring, and a vinyl group, in which the pyridine ring may be the most influential for causing Hepatobiliary disorders.",44,128
CC(=O)N(CCCCCNC(=O)CCC(=O)N(CCCCCNC(=O)CCC(=O)N(CCCCCN)O)O)O,"This molecule contains amide, carboxylic acid, ether, and primary amine functional groups, in which the amide may be the most influential for causing Hepatobiliary disorders.",39,154
CCCCCC1=CC2=C(C3C=C(CCC3C(O2)(C)C)C)C(=C1)O,"This molecule contains an alkene, an ether, a phenol, and a tertiary alcohol functional groups, in which the phenol may be the most influential for causing Hepatobiliary disorders.",39,145
CNCCCN1C2=CC=CC=C2CCC3=CC=CC=C31,"This molecule contains amine, aromatic rings, and nitrile functional groups, in which nitrile may be the most influential for causing Hepatobiliary disorders.",34,133
CC1CC2C3CCC4=CC(=O)C=CC4(C3(C(CC2(C1C(=O)CO)C)O)F)C,"This molecule contains an aliphatic hydroxyl group, a carboxylic acid group, a fluoro substituent, and a ketone group, in which the carboxylic acid group may be the most influential for causing Hepatobiliary disorders.",54,152
CC1CC2C3CCC4=CC(=O)C=CC4(C3(C(CC2(C1(C(=O)CO)O)C)O)F)C,"This molecule contains an aliphatic hydroxyl group, an aromatic ketone, a carboxylic acid, and a fluorine substituent, in which the aromatic ketone may be the most influential for causing Hepatobiliary disorders.",50,154
CC(CC1=CC=CC=C1)N,"This molecule contains an alkane, amine, and benzene ring functional groups, in which the amine may be the most influential for causing Hepatobiliary disorders.",35,124
CN1CCC23CCCCC2C1CC4=C3C=C(C=C4)OC,"This molecule contains an ether, a methoxy group, several cyclohexane rings, and a phenyl ring, in which the ether may be the most influential for causing Hepatobiliary disorders.",41,133
CC(C)C[C@H](CC(=O)O)CN,"This molecule contains an amine, an isobutyl group, a ketone, and a carboxylic acid functional group, in which the carboxylic acid may be the most influential for causing Hepatobiliary disorders.",49,129
CC(=O)C1(CCC2C1(CCC3C2C=C(C4=CC(=O)C5CC5C34C)Cl)C)O,"This molecule contains a chloro group, a cyclohexane ring, a ketone, and a tertiary alcohol functional group, in which the ketone may be the most influential for causing Hepatobiliary disorders.",44,153
CN1C(=O)CN=C(C2=C1C=CC(=C2)Cl)C3=CC=CC=C3,"This molecule contains a chlorobenzene ring, a cyano group, a lactam, and a phenyl ring, in which the lactam may be the most influential for causing Hepatobiliary disorders.",43,144
CC1=NS(=O)(=O)C2=C(N1)C=CC(=C2)Cl,"This molecule contains a chlorobenzene, a sulfonamide, and a triazole ring, in which the sulfonamide may be the most influential for causing Hepatobiliary disorders.",39,139
C1CN2C(=NN=C2C(F)(F)F)CN1C(=O)C[C@@H](CC3=CC(=C(C=C3F)F)F)N,"This molecule contains amide, fluorobenzene, piperazine, and triazole functional groups, in which fluorobenzene may be the most influential for causing Hepatobiliary disorders.",40,159
C1=CC=C(C(=C1)CC(=O)[O-])NC2=C(C=CC=C2Cl)Cl,"This molecule contains a benzene ring, a carboxylate group, a chlorobenzene, and a secondary amine, in which the carboxylate group may be the most influential for causing Hepatobiliary disorders.",48,143
C1=C(C=C(C(=C1S(=O)(=O)N)Cl)Cl)S(=O)(=O)N,"This molecule contains chlorobenzene, sulfonamide, and sulfonyl functional groups, in which sulfonamide may be the most influential for causing Hepatobiliary disorders.",37,146
CC1=C(C(=NO1)C2=C(C=CC=C2Cl)Cl)C(=O)NC3C4N(C3=O)C(C(S4)(C)C)C(=O)[O-],"This molecule contains amide, chlorophenyl, nitroso, and thiazolidine functional groups, in which chlorophenyl may be the most influential for causing Hepatobiliary disorders.",42,166
CCN(CC)CCOC(=O)C1(CCCCC1)C2CCCCC2,"This molecule contains an amine, an ether, a ketone, and two cyclohexyl groups, in which the ketone may be the most influential for causing Hepatobiliary disorders.",40,134
C1CC(OC1CO)N2C=NC3=C2NC=NC3=O,"This molecule contains an ether, a hydroxyl group, an imidazole ring, and a pyrimidine ring, in which the imidazole ring may be the most influential for causing Hepatobiliary disorders.",45,135
C(CN(CC(=O)O)CC(=O)O)N(CCN(CC(=O)O)CC(=O)O)CC(=O)O,"This molecule contains amide, amine, carboxylic acid, and ether functional groups, in which carboxylic acid may be the most influential for causing Hepatobiliary disorders.",40,153
CC1CC2C3CC(C4=CC(=O)C=CC4(C3(C(CC2(C1(C(=O)COC(=O)C)OC(=O)C)C)O)F)C)F,"This molecule contains acetal, aromatic rings, ester, and ketone functional groups, in which ester may be the most influential for causing Hepatobiliary disorders.",35,168
C1=CC(=C(C=C1C2=C(C=C(C=C2)F)F)C(=O)O)O,"This molecule contains a benzene ring, carboxylic acid, fluorine substituents, and hydroxyl groups, in which the carboxylic acid may be the most influential for causing Hepatobiliary disorders.",47,144
CCCC(=O)OC1(CCC2C1(CC(C3(C2CC(C4=CC(=O)C=CC43C)F)F)O)C)C(=O)COC(=O)C,"This molecule contains an ester group, a ketone group, a phenyl ring, and fluorine substituents, in which the ketone group may be the most influential for causing Hepatobiliary disorders.",44,166
CC1C(C(CC(O1)OC2C(OC(CC2O)OC3C(OC(CC3O)OC4CCC5(C(C4)CCC6C5CC(C7(C6(CCC7C8=CC(=O)OC8)O)C)O)C)C)C)O)O,"This molecule contains cyclohexane rings, ether linkages, hydroxyl groups, and a phenol ring, in which the phenol ring may be the most influential for causing Hepatobiliary disorders.",43,185
CN1CCC23C4C1CC5=C2C(=C(C=C5)OC)OC3C(CC4)O,"This molecule contains an ether, a hydroxyl group, a methoxy group, and a tetrahydronaphthalene ring system, in which the tetrahydronaphthalene ring system may be the most influential for causing Hepatobiliary disorders.",56,142
CC1(C(=O)N2C(C(=O)N3CCCC3C2(O1)O)CC4=CC=CC=C4)NC(=O)C5CC6C(CC7=CNC8=CC=CC6=C78)N(C5)C,"This molecule contains amide, aromatic ring, ester, and piperidine functional groups, in which amide may be the most influential for causing Hepatobiliary disorders.",36,176
CC(=O)OC1C(SC2=CC=CC=C2N(C1=O)CC[NH+](C)C)C3=CC=C(C=C3)OC,"This molecule contains an amide, an ester, an ether, and a thioether functional groups, in which the amide may be the most influential for causing Hepatobiliary disorders.",40,154
CC[C@H](C)[C@H]1C(=O)NC(C(=O)N[C@H](C(=O)N[C@@H](CSSCCC(=O)N[C@@H](C(=O)N1)CC2=CC=C(C=C2)OCC)C(=O)N3CCC[C@H]3C(=O)N[C@@H](CCCN)C(=O)NCC(=O)N)CC(=O)N)[C@@H](C)O,"This molecule contains amide, aromatic ring, ester, and thioether functional groups, in which amide may be the most influential for causing Hepatobiliary disorders.",36,235
C(C(CS)S)O,"This molecule contains alcohol, ether, sulfide, and thioether functional groups, in which thioether may be the most influential for causing Hepatobiliary disorders.",35,121
C1[C@@H]([C@@H]2[C@H](O1)[C@@H](CO2)O[N+](=O)[O-])O,"This molecule contains an ether, a hemiacetal, a hydroxyl, and a nitro group, in which the nitro group may be the most influential for causing Hepatobiliary disorders.",41,150
CN(C)CCOC(C1=CC=CC=C1)C2=CC=CC=C2,"This molecule contains amine, ether, and two phenyl rings functional groups, in which the amine may be the most influential for causing Hepatobiliary disorders.",34,135
CC(C)(C)C(=O)OC1=C(C=C(C=C1)C(CNC)O)OC(=O)C(C)(C)C,"This molecule contains an amine, an ester, a ketone, and a phenol functional groups, in which the ester may be the most influential for causing Hepatobiliary disorders.",40,149
C1CCN(CC1)C2=NC(=NC3=C2N=C(N=C3N4CCCCC4)N(CCO)CCO)N(CCO)CCO,"This molecule contains amine, ether, piperidine, and triazole functional groups, in which triazole may be the most influential for causing Hepatobiliary disorders.",35,154
CC(C)N(CCC(C1=CC=CC=C1)(C2=CC=CC=N2)C(=O)N)C(C)C,"This molecule contains an amide, an aromatic ring, a secondary amine, and a tertiary amine functional groups, in which the amide may be the most influential for causing Hepatobiliary disorders.",42,148
CCN(CC)C(=S)SSC(=S)N(CC)CC,"This molecule contains amine, disulfide, and thioamide functional groups, in which disulfide may be the most influential for causing Hepatobiliary disorders.",35,132
CCCC(CCC)C(=O)O,"This molecule contains an aliphatic chain, a carboxyl group, a methyl group, and a secondary carbon, in which the carboxyl group may be the most influential for causing Hepatobiliary disorders.",44,124
CC(CC1=CC=C(C=C1)O)(C(=O)O)N,"This molecule contains an amide, an aromatic ring, a carboxylic acid, and a phenol functional group, in which the carboxylic acid may be the most influential for causing Hepatobiliary disorders.",46,133
CCCC1=NC(=C(N1CC2=CC=C(C=C2)C3=CC=CC=C3C4=NNN=N4)C(=O)O)C(C)(C)O,"This molecule contains amide, aromatic rings, ester, and tetrazole functional groups, in which tetrazole may be the most influential for causing Hepatobiliary disorders.",37,161
COCCOC(=O)NCCCC[C@@H](C(=O)NCCCCCOP(=O)(C)O)NC(=O)OCCOC,"This molecule contains amide, ether, ester, and phosphoester functional groups, in which the phosphoester may be the most influential for causing Hepatobiliary disorders.",37,151
CC1=C2C(C(=O)C3(C(CC4C(C3C(C(C2(C)C)(CC1OC(=O)C(C(C5=CC=CC=C5)NC(=O)OC(C)(C)C)O)O)OC(=O)C6=CC=CC=C6)(CO4)OC(=O)C)O)C)O,"This molecule contains benzene rings, ester groups, ether linkages, and ketone groups, in which the ketone groups may be the most influential for causing Hepatobiliary disorders.",39,202
CC(C1=CC2=CC=CC=C2S1)N(C(=O)N)O,"This molecule contains an amide, an ether, a thioether, and a tertiary amine functional groups, in which the amide may be the most influential for causing Hepatobiliary disorders.",41,137
C1C2CC3CC(CC1N3CC2=O)OC(=O)C4=CNC5=CC=CC=C54,"This molecule contains an amide, an ether, a ketone, and a tertiary amine functional groups, in which the amide may be the most influential for causing Hepatobiliary disorders.",40,145
C1CN(CCC1N2C3=C(C=C(C=C3)Cl)NC2=O)CCCN4C5=CC=CC=C5NC4=O,"This molecule contains amide, aromatic ring, chlorobenzene, and piperazine functional groups, in which chlorobenzene may be the most influential for causing Hepatobiliary disorders.",40,152
CCOC(=O)C1=C(NC(=C(C1C2=CC=CC=C2Cl)C(=O)OC)C)COCCN.C1=CC=C(C=C1)S(=O)(=O)O,"This molecule contains an amide, an ester, an ether, and a sulfonate functional group, in which the sulfonate may be the most influential for causing Hepatobiliary disorders.",41,169
C[C@@H]1[C@@H]2[C@H](C(=O)N2C(=C1S[C@H]3C[C@H](NC3)C(=O)NC4=CC=CC(=C4)C(=O)O)C(=O)O)[C@@H](C)O,"This molecule contains amide, aryl, ester, and thioether functional groups, in which amide may be the most influential for causing Hepatobiliary disorders.",36,191
CN(C)CCC=C1C2=CC=CC=C2CSC3=CC=CC=C31,"This molecule contains an amine, an alkene, an aromatic ring, and a thioether functional groups, in which the aromatic ring may be the most influential for causing Hepatobiliary disorders.",41,136
CCN1CC(C(C1=O)(C2=CC=CC=C2)C3=CC=CC=C3)CCN4CCOCC4,"This molecule contains a benzene ring, a cyclohexanone, an ether, and a secondary amine functional groups, in which the cyclohexanone may be the most influential for causing Hepatobiliary disorders.",47,148
COC1=C(C=C2C(=C1)C(=NC(=N2)N3CCN(CC3)C(=O)C4COC5=CC=CC=C5O4)N)OC,"This molecule contains amide, ether, imidazole, and piperazine functional groups, in which imidazole may be the most influential for causing Hepatobiliary disorders.",37,164
CN(C)CCC=C1C2=CC=CC=C2COC3=CC=CC=C31,"This molecule contains an amine, an aromatic ring, an ether, and an olefin functional groups, in which the aromatic ring may be the most influential for causing Hepatobiliary disorders.",39,136
C1CN(CC=C1N2C3=CC=CC=C3NC2=O)CCCC(=O)C4=CC=C(C=C4)F,"This molecule contains an amide, an aromatic ring, a fluoroarene, and a piperazine ring, in which the amide may be the most influential for causing Hepatobiliary disorders.",42,149
C1=CC(=C(C=C1C(C(C(=O)O)N)O)O)O,"This molecule contains a carboxylic acid, hydroxyl groups, a phenyl ring, and an amine, in which the carboxylic acid may be the most influential for causing Hepatobiliary disorders.",46,139
CN1C2=C(C(=O)N(C1=O)C)N(C=N2)CC(CO)O,"This molecule contains amide, cyano, hydroxyl, and imine functional groups, in which cyano may be the most influential for causing Hepatobiliary disorders.",36,141
C1=CC(=CC=C1COC(CN2C=CN=C2)C3=C(C=C(C=C3)Cl)Cl)Cl,"This molecule contains a chlorobenzene ring, an ether linkage, a pyridine ring, and a triazine ring, in which the chlorobenzene ring may be the most influential for causing Hepatobiliary disorders.",47,147
CC1=C(C(=C2C3C4C5C6=C(C(N4C(C(N3C)CC2=C1)O)COC(=O)C7(CS5)C8=CC(=C(C=C8CCN7)O)OC)C9=C(C(=C6OC(=O)C)C)OCO9)O)OC,"This molecule contains amide, ether, ester, and phenol functional groups, in which amide may be the most influential for causing Hepatobiliary disorders.",34,200
CC[N+](C)(C)C1=CC(=CC=C1)O,"This molecule contains an aromatic ring, an ether, a tertiary amine, and a tertiary carbonium ion, in which the tertiary carbonium ion may be the most influential for causing Hepatobiliary disorders.",42,132
C1CC1C#CC2(C3=C(C=CC(=C3)Cl)NC(=O)O2)C(F)(F)F,"This molecule contains a benzene ring, a cyclopropane ring, a cyano group, and an ester group, in which the cyano group may be the most influential for causing Hepatobiliary disorders.",45,148
C1=CN(C=N1)CC(O)(P(=O)(O)O)P(=O)(O)O,"This molecule contains an imidazole ring, a phosphonic acid group, a secondary alcohol, and a primary amine, in which the phosphonic acid group may be the most influential for causing Hepatobiliary disorders.",45,141
CCC=CCC=CCC=CCC=CCC=CCCCC(=O)O,"This molecule contains alkene, hydrocarbon chain, and carboxylic acid functional groups, in which carboxylic acid may be the most influential for causing Hepatobiliary disorders.",39,130
CC(C)[C@H](CC1=CC(=C(C=C1)OC)OCCCOC)C[C@@H]([C@H](C[C@@H](C(C)C)C(=O)NCC(C)(C)C(=O)N)O)N,"This molecule contains amide, ether, phenol, and tertiary amine functional groups, in which amide may be the most influential for causing Hepatobiliary disorders.",35,178
CN1C2=C(C=C(C=C2)C(=O)N(CCC(=O)O)C3=CC=CC=N3)N=C1CNC4=CC=C(C=C4)C(=N)N,"This molecule contains amide, aromatic rings, ester, and imine functional groups, in which amide may be the most influential for causing Hepatobiliary disorders.",35,166
CCOCCN1C2=CC=CC=C2N=C1N3CCCN(CC3)C,"This molecule contains an amine, an ether, an imidazole ring, and a phenyl ring, in which the imidazole ring may be the most influential for causing Hepatobiliary disorders.",42,137
CCOC(=O)C(CCC1=CC=CC=C1)NC(C)C(=O)N2CCCC2C(=O)O,"This molecule contains an amide, an ester, an ether, and a phenyl ring functional groups, in which the amide may be the most influential for causing Hepatobiliary disorders.",40,148
CC12CCC3C(C1CCC2OP(=O)(O)O)CCC4=C3C=CC(=C4)OC(=O)N(CCCl)CCCl,"This molecule contains an ester, an ether, a phosphonate, and a trichloroethylamine functional group, in which the trichloroethylamine may be the most influential for causing Hepatobiliary disorders.",48,155
C(C(OC(F)F)(F)F)(F)Cl,"This molecule contains an alkyl chloride, an ether, a fluorocarbon, and a tertiary carbon center functional groups, in which the alkyl chloride may be the most influential for causing Hepatobiliary disorders.",43,128
CCC(=O)OCC(=O)C1(CCC2C1(CC(C3C2CCC4=CC(=O)C=CC34C)O)C)OC(=O)OCC,"This molecule contains ester, ether, ketone, and tertiary alcohol functional groups, in which ketone may be the most influential for causing Hepatobiliary disorders.",34,161
C1C2C3=CC=CC=C3CC4=CC=CC=C4N2C(=N1)N,"This molecule contains amine, imine, and phenyl functional groups, in which imine may be the most influential for causing Hepatobiliary disorders.",32,142
CC1=CC2=C(C=C1CC(=O)C3=C(C=CS3)S(=O)(=O)NC4=C(C(=NO4)C)Cl)OCO2,"This molecule contains a benzene ring, chloro group, ester group, and nitroso group, in which the chloro group may be the most influential for causing Hepatobiliary disorders.",41,159
CC1=CC=CC=C1C(=O)NC2=CC(=C(C=C2)C(=O)N3CCCC(C4=C3C=CC(=C4)Cl)O)C,"This molecule contains amide, aromatic rings, chlorobenzene, and ketone functional groups, in which chlorobenzene may be the most influential for causing Hepatobiliary disorders.",39,162
CNC(=O)C1=NC=CC(=C1)OC2=CC=C(C=C2)NC(=O)NC3=CC(=C(C=C3)Cl)C(F)(F)F,"This molecule contains amide, aniline, chlorobenzene, and trifluoromethyl functional groups, in which chlorobenzene may be the most influential for causing Hepatobiliary disorders.",42,162
CC(C)C(C)C=CC(C)C1CCC2C1(CCCC2=CC=C3CC(CCC3=C)O)C,"This molecule contains alkene, cyclohexane, cyclopentane, and phenol functional groups, in which phenol may be the most influential for causing Hepatobiliary disorders.",39,146
CC(CO)NC(=O)C1CN(C2CC3=CNC4=CC=CC(=C34)C2=C1)C,"This molecule contains an amide, an ether, a piperidine ring, and a quinoline moiety, in which the quinoline moiety may be the most influential for causing Hepatobiliary disorders.",45,147
CC1(C(=O)N2C(C(=O)N3CCCC3C2(O1)O)CC4=CC=CC=C4)NC(=O)C5CN(C6CC7=CNC8=CC=CC(=C78)C6=C5)C,"This molecule contains amide, aromatic ring, ester, and piperidine functional groups, in which amide may be the most influential for causing Hepatobiliary disorders.",36,178
CCC1C(C(C(C(=O)C(CC(C(C(C(C(C(=O)O1)C)OC2CC(C(C(O2)C)O)(C)OC)C)OC3C(C(CC(O3)C)N(C)C)O)(C)O)C)C)O)(C)O,"This molecule contains ester, ether, hydroxyl, and ketone functional groups, in which ketone may be the most influential for causing Hepatobiliary disorders.",35,187
CCC1C(C(C(C(=O)C(CC(C(C(C(C(C(=O)O1)C)OC2CC(C(C(O2)C)O)(C)OC)C)OC3C(C(CC(O3)C)N(C)C)OC(=O)CCC(=O)OCC)(C)O)C)C)O)(C)O,"This molecule contains ester, ether, hydroxyl, and ketone functional groups, in which the ester may be the most influential for causing Hepatobiliary disorders.",36,198
C1C2=NN=CN2C3=C(C=C(C=C3)Cl)C(=N1)C4=CC=CC=C4,"This molecule contains a chlorobenzene ring, a pyrazole ring, a triazole ring, and a phenyl ring, in which the chlorobenzene may be the most influential for causing Hepatobiliary disorders.",47,147
CC12CCC3C(C1CCC2OC(=O)CCC4CCCC4)CCC5=C3C=CC(=C5)O,"This molecule contains an ester, ether, phenol, and several cycloalkane rings, in which the ester may be the most influential for causing Hepatobiliary disorders.",38,145
C[C@@H]1CC[C@H]2C[C@@H](/C(=C/C=C/C=C/[C@H](C[C@H](C(=O)[C@@H]([C@@H](/C(=C/[C@H](C(=O)C[C@H](OC(=O)[C@@H]3CCCCN3C(=O)C(=O)[C@@]1(O2)O)[C@H](C)C[C@@H]4CC[C@H]([C@@H](C4)OC)OCCO)C)/C)O)OC)C)C)/C)OC,"This molecule contains amide, ester, ketone, and olefin functional groups, in which amide may be the most influential for causing Hepatobiliary disorders.",35,261
CCC(C)CCCCC(=O)NC(CCNCS(=O)(=O)[O-])C(=O)NC(C(C)O)C(=O)NC(CCNCS(=O)(=O)[O-])C(=O)NC1CCNC(=O)C(NC(=O)C(NC(=O)C(NC(=O)C(NC(=O)C(NC(=O)C(NC1=O)CCNCS(=O)(=O)[O-])CC(C)C)CC(C)C)CCNCS(=O)(=O)[O-])CCNCS(=O)(=O)[O-])C(C)O.[Na+].[Na+].[Na+].[Na+].[Na+],"This molecule contains amide, ester, ether, and sulfonate functional groups, in which sulfonate may be the most influential for causing Hepatobiliary disorders.",36,289
CCCCC(=O)OC1CCC2C1(CCC3C2CCC4=C3C=CC(=C4)O)C,"This molecule contains an ester group, a ketone group, a phenolic group, and a series of cycloalkane rings, in which the ketone group may be the most influential for causing Hepatobiliary disorders.",47,145
CC1=C(C(=CC=C1)[C@@H](C)C2=CN=CN2)C,"This molecule contains an alkene, an aromatic ring, a tertiary carbon, and a triazole ring, in which the triazole ring may be the most influential for causing Hepatobiliary disorders.",40,138
C1=CN(C(=O)N=C1N)C[C@@H](CO)OCP(=O)(O)O,"This molecule contains an amide, an imidazole ring, a phosphate ester, and a secondary alcohol functional groups, in which the phosphate ester may be the most influential for causing Hepatobiliary disorders.",44,143
CCC(=C)C(=O)C1=C(C(=C(C=C1)OCC(=O)O)Cl)Cl,"This molecule contains an alkene, an ester, a ketone, and a phenyl ring with two chlorine substituents, in which the ester may be the most influential for causing Hepatobiliary disorders.",45,145
CCC(CO)NCCNC(CC)CO,"This molecule contains amine, ether, hydroxyl, and primary alcohol functional groups, in which ether may be the most influential for causing Hepatobiliary disorders.",34,123
CCC1(CC(=O)NC1=O)C,"This molecule contains an alkyl chain, a cyclic amide, a ketone, and a lactam functional group, in which the cyclic amide may be the most influential for causing Hepatobiliary disorders.",43,126
CCN1C(=O)C(NC1=O)C2=CC=CC=C2,"This molecule contains amide, aromatic ring, ether, and ketone functional groups, in which amide may be the most influential for causing Hepatobiliary disorders.",34,136
CC(O)(P(=O)(O)O)P(=O)(O)O,"This molecule contains an ester, a methyl group, and two phosphate groups, in which the phosphate groups may be the most influential for causing Hepatobiliary disorders.",34,133
CCC1=CC=CC2=C1NC3=C2CCOC3(CC)CC(=O)O,"This molecule contains an ester, an ether, a tertiary amine, and a benzene ring, in which the ester may be the most influential for causing Hepatobiliary disorders.",39,137
CC1OCC2C(O1)C(C(C(O2)OC3C4COC(=O)C4C(C5=CC6=C(C=C35)OCO6)C7=CC(=C(C(=C7)OC)O)OC)O)O,"This molecule contains acetal, ether, furan, and lactone functional groups, in which acetal may be the most influential for causing Hepatobiliary disorders.",34,177
CC1OCC2C(O1)C(C(C(O2)O[C@H]3[C@H]4COC(=O)[C@@H]4[C@@H](C5=CC6=C(C=C35)OCO6)C7=CC(=C(C(=C7)OC)OP(=O)(O)O)OC)O)O,"This molecule contains an acetal, an ether, a lactone, and a phosphate ester functional groups, in which the phosphate ester may be the most influential for causing Hepatobiliary disorders.",41,197
C1=C(N=C(S1)N=C(N)N)CSCCC(=NS(=O)(=O)N)N,"This molecule contains an amine, a sulfonamide, a thioether, and a thiadiazole ring, in which the sulfonamide may be the most influential for causing Hepatobiliary disorders.",44,143
C1=CC=C(C=C1)C(COC(=O)N)COC(=O)N,"This molecule contains amide, aromatic ring, ether, and ketone functional groups, in which amide may be the most influential for causing Hepatobiliary disorders.",34,138
CCOC(=O)C1=C(NC(=C(C1C2=C(C(=CC=C2)Cl)Cl)C(=O)OC)C)C,"This molecule contains an ester, a ketone, a chlorobenzene, and an amine functional groups, in which the ester may be the most influential for causing Hepatobiliary disorders.",42,153
C1CC(=O)NC(=O)C1N2CC3=C(C2=O)C=CC=C3N,"This molecule contains amide, aromatic ring, ketone, and piperidine functional groups, in which amide may be the most influential for causing Hepatobiliary disorders.",36,143
CC(C)OC(=O)C(C)(C)OC1=CC=C(C=C1)C(=O)C2=CC=C(C=C2)Cl,"This molecule contains an ester, a ketone, an ether, and an aromatic ring with a chlorine substituent, in which the aromatic ring with a chlorine substituent may be the most influential for causing Hepatobiliary disorders.",47,150
C1C[NH2+]CC(C2=CC(=C(C(=C21)Cl)O)O)C3=CC=C(C=C3)O,"This molecule contains an amine, an ether, a phenol, and a chlorobenzene functional groups, in which the amine may be the most influential for causing Hepatobiliary disorders.",41,150
CC(C1=CC(=CC=C1)OC2=CC=CC=C2)C(=O)O,"This molecule contains an aromatic ring, an ester group, an ether group, and a ketone group, in which the ester group may be the most influential for causing Hepatobiliary disorders.",41,139
CCC(=O)N(C1CCN(CC1)CCC2=CC=CC=C2)C3=CC=CC=C3,"This molecule contains an amide, an aromatic ring, an ether, and a ketone functional groups, in which the amide may be the most influential for causing Hepatobiliary disorders.",39,143
CC(C)(C1=CC=C(C=C1)C(CCCN2CCC(CC2)C(C3=CC=CC=C3)(C4=CC=CC=C4)O)O)C(=O)O,"This molecule contains benzene rings, ether linkages, hydroxyl groups, and a carboxylic acid group, in which the carboxylic acid group may be the most influential for causing hepatobiliary disorders.",46,163
CC12CCC3C(C1CCC2C(=O)NC(C)(C)C)CCC4C3(C=CC(=O)N4)C,"This molecule contains amide, cyclohexane, cyclopentane, and ketone functional groups, in which amide may be the most influential for causing Hepatobiliary disorders.",39,149
CC(=O)O[C@H]1[C@H](CC2[C@@]1(CCC3C2CCC4[C@@]3(C[C@@H]([C@H](C4)O)N5CCOCC5)C)C)[N+]6(CCCC6)CC=C.[Br-],"This molecule contains an amide, bromide ion, ether, and tertiary amine functional groups, in which the amide may be the most influential for causing Hepatobiliary disorders.",38,184
CC1=C(OC2=C(C1=O)C=CC=C2C(=O)OCCN3CCCCC3)C4=CC=CC=C4,"This molecule contains an ether, a ketone, a phenyl ring, and a piperidine ring, in which the ketone may be the most influential for causing Hepatobiliary disorders.",40,151
C1CCNC(C1)C[NH2+]C(=O)C2=C(C=CC(=C2)OCC(F)(F)F)OCC(F)(F)F,"This molecule contains an amide, an amine, an aryl halide, and an ether functional groups, in which the amide may be the most influential for causing Hepatobiliary disorders.",41,156
C[C@@H]1C2C(C(=O)N2C(=C1S[C@H]3C[C@H](NC3)C(=O)N(C)C)C(=O)O)[C@H](C)O.O.O.O,"This molecule contains amide, ester, ether, and thioether functional groups, in which the thioether may be the most influential for causing Hepatobiliary disorders.",37,175
C1C(C(OC1N2C=C(C(=O)NC2=O)F)CO)O,"This molecule contains an ether, a fluorobenzene, a lactam, and a tertiary alcohol functional groups, in which the lactam may be the most influential for causing Hepatobiliary disorders.",41,139
CC1=C(C(=NO1)C2=C(C=CC=C2Cl)F)C(=O)NC3C4N(C3=O)C(C(S4)(C)C)C(=O)O,"This molecule contains amide, ester, isoxazole, and thiazolidine functional groups, in which isoxazole may be the most influential for causing Hepatobiliary disorders.",39,164
C1=CC(=C(C=C1F)F)C(CN2C=NC=N2)(CN3C=NC=N3)O,"This molecule contains an ether, fluorobenzene, primary amine, and triazole functional groups, in which the triazole may be the most influential for causing Hepatobiliary disorders.",39,146
C1=NC(=O)NC(=C1F)N,"This molecule contains an amide, an imine, a pyrimidine ring, and a trifluoromethyl group, in which the trifluoromethyl group may be the most influential for causing Hepatobiliary disorders.",48,129
C1=NC2=C(N1C3C(C(C(O3)CO)O)O)N=C(N=C2N)F,"This molecule contains a fluorine substituent, a furanose ring, imidazole rings, and a secondary alcohol, in which the imidazole rings may be the most influential for causing Hepatobiliary disorders.",45,143
C1=NC2=C(N1C3C(C(C(O3)COP(=O)(O)O)O)O)N=C(N=C2N)F,"This molecule contains a fluorophenyl group, a furanose ring, a phosphate group, and a triazole ring, in which the phosphate group may be the most influential for causing Hepatobiliary disorders.",44,151
CC(=O)OCC(=O)C1(CCC2C1(CC(C3(C2CCC4=CC(=O)CCC43C)F)O)C)O,"This molecule contains an ester, a ketone, an ether, and a tertiary alcohol functional groups, in which the ketone may be the most influential for causing Hepatobiliary disorders.",39,155
C1CN(CCN1CCCN2C3=CC=CC=C3SC4=C2C=C(C=C4)C(F)(F)F)CCO,"This molecule contains an ether, a fluorocarbon, a thioether, and a triazole functional groups, in which the fluorocarbon may be the most influential for causing Hepatobiliary disorders.",42,149
CCOC(=O)C1=C2CN(C(=O)C3=C(N2C=N1)C=CC(=C3)F)C,"This molecule contains an ether, a fluoroarene, a ketone, and a pyrimidine ring, in which the ketone may be the most influential for causing Hepatobiliary disorders.",41,149
CC1CC2C3CC(C4=CC(=O)C=CC4(C3(C(CC2(C1(C(=O)CO)O)C)O)F)C)F,"This molecule contains a carboxyl group, an ether group, a fluoroarene, and a ketone, in which the carboxyl group may be the most influential for causing Hepatobiliary disorders.",44,157
CC1(OC2CC3C4CC(C5=CC(=O)C=CC5(C4C(CC3(C2(O1)C(=O)CO)C)O)C)F)C,"This molecule contains an ester, a ketone, an ether, and an alcohol functional groups, in which the ketone may be the most influential for causing Hepatobiliary disorders.",38,161
CN1C(=O)CN=C(C2=C1C=CC(=C2)[N+](=O)[O-])C3=CC=CC=C3F,"This molecule contains a benzene ring, a fluorobenzene ring, a nitro group, and a pyrimidinone ring, in which the nitro group may be the most influential for causing Hepatobiliary disorders.",48,152
CC1(OC2CC3C4CC(C5=CC(=O)C=CC5(C4(C(CC3(C2(O1)C(=O)CO)C)O)F)C)F)C,"This molecule contains an ester group, a ketone group, an ether group, and a phenyl group, in which the ketone may be the most influential for causing Hepatobiliary disorders.",41,163
C1=CC(=C(C(=C1)CC(=O)O)N)C(=O)C2=CC=C(C=C2)Br,"This molecule contains a benzene ring, a bromobenzene group, a carboxylic acid, and a ketone functional group, in which the carboxylic acid may be the most influential for causing Hepatobiliary disorders.",50,150
CC1CC2C3CCC(C3(CC(C2(C4(C1=CC(=O)C=C4)C)F)O)C)(C(=O)C)O,"This molecule contains a cyclohexane ring, an ester group, a ketone group, and a phenyl ring, in which the ester group may be the most influential for causing Hepatobiliary disorders.",45,155
C1=C(C(=O)NC(=O)N1)F,"This molecule contains an amide, a fluorobenzene, a lactam, and a pyrimidinone functional groups, in which the lactam may be the most influential for causing Hepatobiliary disorders.",45,130
CNCCC(C1=CC=CC=C1)OC2=CC=C(C=C2)C(F)(F)F,"This molecule contains an amine, an ether, an aromatic ring, and a trifluoromethyl group, in which the aromatic ring may be the most influential for causing Hepatobiliary disorders.",41,139
CC12CCC(=O)C=C1CCC3C2(C(CC4(C3CCC4(C)O)C)O)F,"This molecule contains a cyclohexanol, cyclopentanol, ketone, and tertiary fluorine functional groups, in which the ketone may be the most influential for causing Hepatobiliary disorders.",42,143
CCCCCCCCCC(=O)OCCN1CCN(CC1)CCCN2C3=CC=CC=C3SC4=C2C=C(C=C4)C(F)(F)F,"This molecule contains an amide, an ether, a fluoroarene, and a thioether functional groups, in which the amide may be the most influential for causing Hepatobiliary disorders.",42,157
CC1(OC2CC3C4CC(C5=CC(=O)CCC5(C4C(CC3(C2(O1)C(=O)CO)C)O)C)F)C,"This molecule contains an ester, a ketone, an ether, and a fluoroaromatic ring, in which the ester may be the most influential for causing Hepatobiliary disorders.",40,159
CCN(CC)CCN1C(=O)CN=C(C2=C1C=CC(=C2)Cl)C3=CC=CC=C3F,"This molecule contains an amide, a chlorobenzene, a fluorobenzene, and an imine functional groups, in which the amide may be the most influential for causing Hepatobiliary disorders.",44,150
CC(C1=CC(=C(C=C1)C2=CC=CC=C2)F)C(=O)O,"This molecule contains a benzene ring, a carboxylic acid group, a fluorine substituent, and an ethyl group, in which the carboxylic acid group may be the most influential for causing Hepatobiliary disorders.",50,142
CC(C)C(=O)NC1=CC(=C(C=C1)[N+](=O)[O-])C(F)(F)F,"This molecule contains an amide, an aromatic ring, a ketone, and a nitro group, in which the amide may be the most influential for causing Hepatobiliary disorders.",39,147
CCC(=O)OC1(C(CC2C1(CC(C3(C2CC(C4=CC(=O)C=CC43C)F)F)O)C)C)C(=O)SCF,"This molecule contains an ester, a ketone, a thioether, and an aromatic ring functional groups, in which the ketone may be the most influential for causing Hepatobiliary disorders.",41,162
CC(C)N1C2=CC=CC=C2C(=C1C=CC(CC(CC(=O)O)O)O)C3=CC=C(C=C3)F,"This molecule contains an aromatic ring, a carboxylic acid, an ether, and a fluorobenzene functional group, in which the carboxylic acid may be the most influential for causing Hepatobiliary disorders.",47,156
COCCCCC(=NOCCN)C1=CC=C(C=C1)C(F)(F)F,"This molecule contains an amide, an aromatic ring, a fluoroalkyl group, and a nitroso group, in which the nitroso group may be the most influential for causing Hepatobiliary disorders.",45,137
C1=CC(=CC=C1C(=O)NC(CCC(=O)O)C(=O)O)NCC2=CN=C3C(=N2)C(=O)N=C(N3)N,"This molecule contains amide, aromatic ring, carboxylic acid, and triazole functional groups, in which the triazole may be the most influential for causing Hepatobiliary disorders.",39,167
CC1=CNN=C1,"This molecule contains an alkyl chain, an aromatic ring, an imine, and a pyrazole ring, in which the pyrazole ring may be the most influential for causing Hepatobiliary disorders.",43,119
C1CC2=NC1=C(C3=CC=C(N3)C(=C4C=CC(=N4)C(=C5C=CC(=C2C6=CC(=CC=C6)O)N5)C7=CC(=CC=C7)O)C8=CC(=CC=C8)O)C9=CC(=CC=C9)O,"This molecule contains aromatic rings, ethers, hydroxyl groups, and imines, in which aromatic rings may be the most influential for causing Hepatobiliary disorders.",34,204
CCCCCCCN(CC)CCCC(C1=CC=C(C=C1)NS(=O)(=O)C)O.CCCCCCCN(CC)CCCC(C1=CC=C(C=C1)NS(=O)(=O)C)O.C(=CC(=O)O)C(=O)O,"This molecule contains amine, aromatic ring, ether, and sulfonamide functional groups, in which sulfonamide may be the most influential for causing Hepatobiliary disorders.",36,181
CC(CC1=CC=C(C=C1)OC)NCC(C2=CC(=C(C=C2)O)NC=O)O,"This molecule contains an amine, an ether, a phenol, and a primary amide functional groups, in which the primary amide may be the most influential for causing Hepatobiliary disorders.",41,145
C(=O)([O-])P(=O)([O-])[O-],"This molecule contains a carboxylate group, a phosphate group, and oxyanion groups, in which the phosphate group may be the most influential for causing Hepatobiliary disorders.",38,134
C1CC(N(C1)C(=O)C2CSSCCC(=O)NC(C(=O)NC(C(=O)NC(C(=O)NC(C(=O)N2)CC(=O)N)CCC(=O)N)CC3=CC=CC=C3)CC4=CC=C(C=C4)O)C(=O)NC(CCCN=C(N)N)C(=O)NCC(=O)N,"This molecule contains amide, aromatic ring, thioether, and urea functional groups, in which amide may be the most influential for causing Hepatobiliary disorders.",36,220
CC12CCC3C(=CCC4=C3C=CC(=C4)OS(=O)(=O)O)C1CCC2=O,"This molecule contains an aliphatic ring, an aromatic ring, an ether, and a sulfonate functional group, in which the sulfonate may be the most influential for causing Hepatobiliary disorders.",43,148
CCC(=O)OC(C(C)C)OP(=O)(CCCCC1=CC=CC=C1)CC(=O)N2CC(CC2C(=O)[O-])C3CCCCC3,"This molecule contains an ester, a ketone, a phosphate, and a tertiary amine functional groups, in which the phosphate may be the most influential for causing Hepatobiliary disorders.",39,162
C1CCN(C1)CCOC2=CC=C(C=C2)[C@H]3[C@H](CCC4=C3C=CC(=C4)O)C5=CC=CC=C5,"This molecule contains an ether, a phenol, a piperidine, and two phenyl rings, in which the phenol may be the most influential for causing Hepatobiliary disorders.",39,161
CC=C1C(=O)NC(C(=O)OC2CC(=O)NC(C(=O)NC(CSSCCC=C2)C(=O)N1)C(C)C)C(C)C,"This molecule contains amide, ester, thioether, and vinyl functional groups, in which thioether may be the most influential for causing Hepatobiliary disorders.",36,164
C1=COC(=C1)CNC2=CC(=C(C=C2C(=O)O)S(=O)(=O)N)Cl,"This molecule contains an amide, chlorobenzene, ester, and sulfonamide functional groups, in which the sulfonamide may be the most influential for causing Hepatobiliary disorders.",41,151
CC(C)(C)NC(=O)[C@@H]1CC2CCCCC2CN1C[C@H]([C@H](CC3=CC=CC=C3)NC(=O)[C@H](CC(=O)N)NC(=O)C4=NC5=CC=CC=C5C=C4)O,"This molecule contains amide, aromatic ring, hydroxyl, and tertiary amine functional groups, in which amide may be the most influential for causing Hepatobiliary disorders.",37,191
C1CCC(CC1)(CC(=O)O)CN,"This molecule contains a cyclohexane ring, a secondary amine, an ester, and an alkyl chain functional groups, in which the ester may be the most influential for causing Hepatobiliary disorders.",45,127
CN1CCC23C=CC(CC2OC4=C(C=CC(=C34)C1)OC)O,"This molecule contains an ether, phenol, and tertiary amine functional groups, in which the tertiary amine may be the most influential for causing Hepatobiliary disorders.",35,139
C1CC(=O)NC2=C1C=CC(=C2)OCCCCN3CCN(CC3)C4=C(C(=CC=C4)Cl)Cl,"This molecule contains amide, aromatic rings, chlorobenzene, and ether functional groups, in which chlorobenzene may be the most influential for causing Hepatobiliary disorders.",38,154
C1=NC2=C(N1COC(CO)CO)NC(=NC2=O)N,"This molecule contains an amide, an ether, a hydroxyl, and a triazole ring, in which the triazole ring may be the most influential for causing Hepatobiliary disorders.",40,137
C1=CN(C(=O)N=C1N)C2C(C(C(O2)CO)O)(F)F,"This molecule contains a furanose ring, an imidazole ring, a ketone, and a trifluoromethyl group, in which the imidazole ring may be the most influential for causing Hepatobiliary disorders.",48,142
CCCCC(C)(C)C(C=CC1C(CC(=O)C1CCCCC=CC(=O)OC)O)O,"This molecule contains an ester group, a hydroxyl group, a ketone group, and a vinyl group, in which the ketone may be the most influential for causing Hepatobiliary disorders.",42,145
CC1=CC(=C(C=C1)C)OCCCC(C)(C)C(=O)O,"This molecule contains an aromatic ring, an ester, an ether, and a tertiary butyl group, in which the ester may be the most influential for causing Hepatobiliary disorders.",39,138
CCN[C@H]1CN(S(=O)(=O)C2=C1C=C(S2)S(=O)(=O)N)CCCOC,"This molecule contains amine, ether, sulfonamide, and thiazine functional groups, in which sulfonamide may be the most influential for causing Hepatobiliary disorders.",37,150
CC(C1CCC(C(O1)OC2C(CC(C(C2O)OC3C(C(C(CO3)(C)O)NC)O)N)N)N)NC,"This molecule contains amine, ether, hydroxyl, and tertiary alcohol functional groups, in which amine may be the most influential for causing Hepatobiliary disorders.",35,154
CCC(=O)N(C1=CC=CC=C1)C2(CCN(CC2)CCC(=O)OC)C(=O)OC.Cl,"This molecule contains amide, aromatic ring, ester, and tertiary amine functional groups, in which amide may be the most influential for causing Hepatobiliary disorders.",36,149
CC[C@H](C)[C@H]1C(=O)N[C@H](C(=O)N[C@@H](C(=O)N[C@H](C(=O)N[C@H](C(=O)NCC(=O)N[C@H](C(=O)NCC(=O)N[C@@H](CSSC[C@@H](C(=O)N[C@H](C(=O)NCC(=O)N[C@H](C(=O)N[C@H](C(=O)N[C@H](C(=O)N[C@H](C(=O)N[C@H](C(=O)N1)CCCNC(=N)N)CC(=O)O)CCSC)CCCCN)CCCNC(=N)N)CC2=CC=CC=C2)NC(=O)CNC(=O)[C@H](CO)NC(=O)CNC(=O)[C@H](CCC(=O)N)NC(=O)[C@H](C(C)C)NC(=O)[C@H](CCSC)NC(=O)[C@H](CCCCN)NC(=O)[C@@H]3CCCN3C(=O)[C@H](CO)N)C(=O)N[C@@H](CCCCN)C(=O)N[C@@H](C(C)C)C(=O)N[C@@H](CC(C)C)C(=O)N[C@@H](CCCNC(=N)N)C(=O)N[C@@H](CCCNC(=N)N)C(=O)N[C@@H](CC4C=NC=N4)C(=O)O)CC(C)C)CO)CO)CO)CO,"This molecule contains amide, disulfide, imidazole, and thioether functional groups, in which disulfide may be the most influential for causing Hepatobiliary disorders.",39,534
CC1=CC=C(C=C1)S(=O)(=O)NC(=O)NN2CC3CCCC3C2,"This molecule contains an amide, an aromatic ring, a piperidine ring, and a sulfonamide functional group, in which the sulfonamide may be the most influential for causing Hepatobiliary disorders.",44,143
CCC1=C(CN(C1=O)C(=O)NCCC2=CC=C(C=C2)S(=O)(=O)NC(=O)NC3CCC(CC3)C)C,"This molecule contains amide, aromatic ring, sulfonamide, and tertiary amine functional groups, in which sulfonamide may be the most influential for causing Hepatobiliary disorders.",38,160
CC1=NC=C(N=C1)C(=O)NCCC2=CC=C(C=C2)S(=O)(=O)NC(=O)NC3CCCCC3,"This molecule contains an amide, an aromatic ring, a sulfonamide, and a tertiary amine functional groups, in which the sulfonamide may be the most influential for causing Hepatobiliary disorders.",43,155
C[N+]1(C2CC(CC1C3C2O3)OC(=O)C(C4=CC=CS4)(C5=CC=CS5)O)C.[Br-],"This molecule contains a bromide ion, an ester group, a quaternary ammonium, and two thiophene rings, in which the quaternary ammonium may be the most influential for causing Hepatobiliary disorders.",48,158
COC1=C(C=C(C=C1)Cl)C(=O)NCCC2=CC=C(C=C2)S(=O)(=O)NC(=O)NC3CCCCC3,"This molecule contains an amide, an ether, a sulfonamide, and a chlorobenzene functional group, in which the sulfonamide may be the most influential for causing Hepatobiliary disorders.",43,158
CNCC[C@@H](C1=CC=CS1)OC2=CC=CC3=CC=CC=C32.Cl,"This molecule contains an amine, an ether, a thioether, and a tricyclic aromatic system, in which the tricyclic aromatic system may be the most influential for causing Hepatobiliary disorders.",46,141
C[N+]1(CCC(C1)OC(=O)C(C2CCCC2)(C3=CC=CC=C3)O)C,"This molecule contains an ester, ether, quaternary ammonium, and tertiary amine functional groups, in which the quaternary ammonium may be the most influential for causing Hepatobiliary disorders.",43,145
C1=CC(=CC=C1CCC2=CNC3=C2C(=O)N=C(N3)N)C(=O)N[C@H](CCC(=O)O)C(=O)O,"This molecule contains amide, aromatic ring, carboxylic acid, and imidazole functional groups, in which the imidazole may be the most influential for causing Hepatobiliary disorders.",41,164
CCCCCN(C)CCC(O)(P(=O)(O)O)P(=O)(O)O,"This molecule contains amine, ether, phosphonate, and primary alcohol functional groups, in which phosphonate may be the most influential for causing Hepatobiliary disorders.",36,138
C1CN(CCN1CCC2=C(C=C3C(=C2)CC(=O)N3)Cl)C4=NSC5=CC=CC=C54.O.Cl,"This molecule contains a benzene ring, a chlorobenzene ring, a lactam, and a thiazole ring, in which the lactam may be the most influential for causing Hepatobiliary disorders.",44,155
CN1C2CCCC1CC(C2)NC(=O)C3=NN(C4=CC=CC=C43)C,"This molecule contains amide, aryl halide, imidazole, and piperidine functional groups, in which amide may be the most influential for causing Hepatobiliary disorders.",39,142
CC1CC(=O)C=C(C12C(=O)C3=C(O2)C(=C(C=C3OC)OC)Cl)OC,"This molecule contains an ester group, a ketone group, an ether group, and a chlorophenyl group, in which the chlorophenyl group may be the most influential for causing Hepatobiliary disorders.",46,149
C1=CC(=CC(=C1)I)CN=C(N)N,"This molecule contains an amine, an aromatic ring, an halogen substituent, and an imine functional groups, in which the halogen substituent may be the most influential for causing Hepatobiliary disorders.",44,132
C1=CC(=C(C(=C1)Cl)C=NN=C(N)N)Cl,"This molecule contains a benzene ring, chloro groups, and a diazene group, in which the diazene group may be the most influential for causing Hepatobiliary disorders.",39,137
C1=CC(=C(C(=C1)Cl)CC(=O)N=C(N)N)Cl,"This molecule contains amide, aromatic ring, chloro substituents, and imine functional groups, in which chloro substituents may be the most influential for causing Hepatobiliary disorders.",41,140
CN(C)CCC=C1C2=CC=CC=C2COC3=C1C=C(C=C3)CC(=O)O.Cl,"This molecule contains an amine, an aromatic ring, an ester, and a vinyl group, in which the ester may be the most influential for causing Hepatobiliary disorders.",38,145
CC1CC(=O)NN=C1C2=CC=C(C=C2)NN=C(C#N)C#N,"This molecule contains an amide, an aryl group, cyano groups, and triazole functional groups, in which the amide may be the most influential for causing Hepatobiliary disorders.",40,141
CC(C)(C)C(=O)OCOP(=O)(COCCN1C=NC2=C1N=CN=C2N)OCOC(=O)C(C)(C)C,"This molecule contains an amide, an ester, an ether, and a purine ring, in which the purine ring may be the most influential for causing Hepatobiliary disorders.",39,158
C1[C@H](O[C@H](S1)CO)N2C=C(C(=NC2=O)N)F,"This molecule contains an amine, a fluorophenyl group, a heterocyclic sulfur, and a lactone functional group, in which the lactone may be the most influential for causing Hepatobiliary disorders.",45,144
CCCCC1=NC=C(N1CC2=CC=C(C=C2)C(=O)O)C=C(CC3=CC=CS3)C(=O)O.CS(=O)(=O)O,"This molecule contains a benzene ring, carboxylic acid groups, sulfonate group, and thiophene ring, in which the carboxylic acid groups may be the most influential for causing Hepatobiliary disorders.",48,163
CC1(OC2CC3C4CCC5=CC(=O)CCC5(C4(C(CC3(C2(O1)C(=O)CCl)C)O)F)C)C,"This molecule contains a chloroalkyl group, an ester group, a fluoroalkyl group, and a ketone group, in which the chloroalkyl group may be the most influential for causing Hepatobiliary disorders.",49,159
C1CN(CCC1(C2=CC=C(C=C2)Cl)O)CCCC(=O)C3=CC=C(C=C3)F,"This molecule contains a benzene ring, a chlorobenzene ring, a fluorobenzene ring, and a lactam, in which the lactam may be the most influential for causing Hepatobiliary disorders.",45,147
CC(=O)OCC(CCN1C=NC2=CN=C(N=C21)N)COC(=O)C,"This molecule contains amine, ester, ether, and imidazole functional groups, in which imidazole may be the most influential for causing Hepatobiliary disorders.",36,143
CCOC(=O)C1=CN=CN1C(C)C2=CC=CC=C2,"This molecule contains an alkoxy group, an amine group, an ester group, and a phenyl ring, in which the ester group may be the most influential for causing Hepatobiliary disorders.",44,137
C[C@H]1C(=O)N[C@H]2CSSC[C@H]3C(=O)N[C@H](C(=O)N[C@H](C(=O)N[C@@H](CSSC[C@H](NC(=O)CNC(=O)[C@@H](NC2=O)[C@@H](C)O)C(=O)N[C@@H](CC4=CC=C(C=C4)O)C(=O)O)C(=O)N[C@@H](CSSC[C@@H](C(=O)N3)N)C(=O)N[C@H](C(=O)N5CCC[C@H]5C(=O)N1)CC(=O)N)CC6=CC=C(C=C6)O)CCC(=O)O.CC(=O)O,"This molecule contains amide, carboxylic acid, disulfide, and phenol functional groups, in which disulfide may be the most influential for causing Hepatobiliary disorders.",40,317
C1=CC(=CC=C1SC(P(=O)(O)[O-])P(=O)(O)[O-])Cl.[Na+].[Na+],"This molecule contains a benzene ring, chloro group, sulfide, and two phosphate groups, in which the phosphate groups may be the most influential for causing Hepatobiliary disorders.",38,150
C1=C(C(=C(C(=C1Cl)Cl)CC2=C(C(=CC(=C2Cl)Cl)Cl)O)O)Cl,"This molecule contains chlorobenzene rings, hydroxyl groups, an ether linkage, and an alkyl chain, in which chlorobenzene rings may be the most influential for causing Hepatobiliary disorders.",44,151
C=CCN.C1C(O1)CCl.Cl,"This molecule contains an alkene, an ether, a halogen, and a secondary amine functional groups, in which the halogen may be the most influential for causing Hepatobiliary disorders.",40,126
C1=C(C=C(C(=C1NC(=O)C(=O)O)Cl)NC(=O)C(=O)O)C#N.C(C(CO)(CO)N)O,"This molecule contains amide, carboxylic acid, cyano, and chloro functional groups, in which chloro may be the most influential for causing Hepatobiliary disorders.",38,162
C1=C(C=C(C(=C1NC(=O)C(=O)O)Cl)NC(=O)C(=O)O)C#N,"This molecule contains amide, carboxylic acid, cyano, and halogen functional groups, in which halogen may be the most influential for causing Hepatobiliary disorders.",38,152
CCCCCOC(=O)NC1=NC(=O)N(C=C1F)[C@H]2[C@@H]([C@@H]([C@H](O2)C)O)O,"This molecule contains an amide, an ether, a fluorobenzene, and a pyrimidinone functional groups, in which the amide may be the most influential for causing Hepatobiliary disorders.",44,161
C1=CC=C(C=C1)C(=O)C2=C(C(=CC=C2)CC(=O)N)N,"This molecule contains amide, aromatic rings, ketone, and secondary amine functional groups, in which amide may be the most influential for causing Hepatobiliary disorders.",36,145
CN1C2CCC1CC(C2)OC(=O)C(C3=CC=CC=C3)O,"This molecule contains an ester, ether, phenyl ring, and tertiary amine functional groups, in which the ester may be the most influential for causing Hepatobiliary disorders.",38,139
CCCC[N+]1(C2CC(CC1C3C2O3)OC(=O)C(CO)C4=CC=CC=C4)C,"This molecule contains an ester, ether, phenyl, and quaternary ammonium functional groups, in which the quaternary ammonium may be the most influential for causing Hepatobiliary disorders.",42,149
C1=CC=C2C(=C1)C=NN=C2NN,"This molecule contains an aromatic ring, azo group, diazene, and imine functional groups, in which the azo group may be the most influential for causing Hepatobiliary disorders.",40,131
C1NC2=CC(=C(C=C2S(=O)(=O)N1)S(=O)(=O)N)Cl,"This molecule contains a chlorobenzene, a sulfonamide, a sulfonyl group, and a thiazole ring, in which the sulfonamide may be the most influential for causing Hepatobiliary disorders.",46,147
CC12CCC(=O)C=C1CCC3C2C(CC4(C3CCC4(C(=O)CO)O)C)O,"This molecule contains alcohol, carbonyl, cyclohexane, and double bond functional groups, in which carbonyl may be the most influential for causing Hepatobiliary disorders.",38,146
CCCC(=O)OC1(CCC2C1(CC(C3C2CCC4=CC(=O)CCC34C)O)C)C(=O)CO,"This molecule contains an ester, a ketone, a tertiary alcohol, and an alkene functional groups, in which the ketone may be the most influential for causing Hepatobiliary disorders.",40,153
C1NC2=C(C=C(C(=C2)C(F)(F)F)S(=O)(=O)N)S(=O)(=O)N1,"This molecule contains a fluorinated alkyl group, sulfonamide groups, a sulfonyl group, and a triazole ring, in which the sulfonamide groups may be the most influential for causing Hepatobiliary disorders.",47,153
CN1CCC23C4C1CC5=C2C(=C(C=C5)O)OC3C(=O)CC4,"This molecule contains an ether, a ketone, a phenol, and a piperidine ring, in which the ketone may be the most influential for causing Hepatobiliary disorders.",39,144
CCN(CCCC(C)NC1=C2C=CC(=CC2=NC=C1)Cl)CCO,"This molecule contains an amine, chlorobenzene, ether, and imine functional groups, in which chlorobenzene may be the most influential for causing Hepatobiliary disorders.",39,139
C(=O)(N)NO,"This molecule contains an amide, carbonyl, and nitroso functional groups, in which the nitroso may be the most influential for causing Hepatobiliary disorders.",37,121
C1CN(CCN1CCOCCO)C(C2=CC=CC=C2)C3=CC=C(C=C3)Cl,"This molecule contains a benzene ring, chlorobenzene, ether, and piperazine functional groups, in which chlorobenzene may be the most influential for causing Hepatobiliary disorders.",41,144
CN1C2CCC1CC(C2)OC(=O)C(CO)C3=CC=CC=C3,"This molecule contains an ester, an ether, a phenyl ring, and a tertiary alcohol functional groups, in which the ester may be the most influential for causing Hepatobiliary disorders.",40,140
CCCN(CCOC1=C(C=C(C=C1Cl)Cl)Cl)C(=O)N2C=CN=C2.C(S(=O)(=O)[O-])(I)I.[Na+],"This molecule contains an amide, ether, halobenzene, and triiodide functional groups, in which the triiodide may be the most influential for causing Hepatobiliary disorders.",40,160
CC(C)CC1=CC=C(C=C1)C(C)C(=O)O,"This molecule contains an aromatic ring, isopropyl groups, a tertiary butyl group, and a carboxylic acid functional group, in which the carboxylic acid may be the most influential for causing Hepatobiliary disorders.",50,134
C1=CC=C(C=C1)CCNN,"This molecule contains an alkyl chain, an amine, an aromatic ring, and a secondary amine functional groups, in which the aromatic ring may be the most influential for causing Hepatobiliary disorders.",42,124
CCN(CC)CC(=O)NC1=C(C=CC=C1C)C,"This molecule contains an amine, an aromatic ring, a ketone, and a tertiary amine functional groups, in which the ketone may be the most influential for causing Hepatobiliary disorders.",41,133
CC1C(C(CC(O1)OC2CC(CC3=C(C4=C(C(=C23)O)C(=O)C5=CC=CC=C5C4=O)O)(C(=O)C)O)N)O,"This molecule contains an ether, a ketone, a phenol, and a tertiary alcohol functional groups, in which the ketone may be the most influential for causing Hepatobiliary disorders.",39,170
C1C(C(OC1N2C=C(C(=O)NC2=O)I)CO)O,"This molecule contains an ether, halogen, hydroxyl, and lactam functional groups, in which halogen may be the most influential for causing Hepatobiliary disorders.",36,139
C1CN(P(=O)(OC1)NCCCl)CCCl,"This molecule contains an alkyl chloride, an ether, a phosphonamide, and a piperidine functional groups, in which the alkyl chloride may be the most influential for causing Hepatobiliary disorders.",43,130
CN(C)CCCN1C2=CC=CC=C2CCC3=CC=CC=C31,"This molecule contains amine, aromatic rings, and tertiary amine functional groups, in which tertiary amine may be the most influential for causing Hepatobiliary disorders.",34,135
CC1CC2=CC=CC=C2N1NC(=O)C3=CC(=C(C=C3)Cl)S(=O)(=O)N,"This molecule contains an amide, a benzene ring, a chlorobenzene, and a sulfonamide functional groups, in which the sulfonamide may be the most influential for causing Hepatobiliary disorders.",45,152
CC(C)(C)NC(=O)C1CN(CCN1CC(CC(CC2=CC=CC=C2)C(=O)NC3C(CC4=CC=CC=C34)O)O)CC5=CN=CC=C5,"This molecule contains amide, aromatic rings, ether, and secondary amines functional groups, in which amide may be the most influential for causing Hepatobiliary disorders.",36,169
C1CC(=O)NC(=O)C1N2C(=O)C3=C(C2=O)C(=CC=C3)N,"This molecule contains amide, aromatic ring, ketone, and pyrimidinone functional groups, in which pyrimidinone may be the most influential for causing Hepatobiliary disorders.",41,150
C[C@H](C1=CC(=CC(=C1)C(F)(F)F)C(F)(F)F)O[C@H]2[C@H](N(CCO2)CC3=NC(=O)NN3)C4=CC=C(C=C4)F,"This molecule contains an amine, an ether, a fluorobenzene, and a triazole functional group, in which the triazole may be the most influential for causing Hepatobiliary disorders.",41,180
CN1C(=O)C=C(N(C1=O)CC2=CC=CC=C2C#N)N3CCCC(C3)N,"This molecule contains amide, aromatic ring, cyano, and piperidine functional groups, in which amide may be the most influential for causing Hepatobiliary disorders.",36,147
CC1=C(C2=C(N1C(=O)C3=CC=C(C=C3)Cl)C=CC(=C2)OC)CC(=O)O,"This molecule contains an amide, an aromatic ring, a chlorobenzene, and an ether functional group, in which the amide may be the most influential for causing Hepatobiliary disorders.",41,153
CC(=O)N(CC(CN(C1=C(C(=C(C(=C1I)C(=O)NCC(CO)O)I)C(=O)NCC(CO)O)I)C(=O)C)O)C2=C(C(=C(C(=C2I)C(=O)NCC(CO)O)I)C(=O)NCC(CO)O)I,"This molecule contains amide, carboxylic acid, ether, and iodobenzene functional groups, in which iodobenzene may be the most influential for causing Hepatobiliary disorders.",41,214
CC(=O)N(CC(CO)O)C1=C(C(=C(C(=C1I)C(=O)NCC(CO)O)I)C(=O)NCC(CO)O)I,"This molecule contains amide, hydroxyl, iodobenzene, and ketone functional groups, in which iodobenzene may be the most influential for causing Hepatobiliary disorders.",40,166
CC(C(=O)NC1=C(C(=C(C(=C1I)C(=O)NC(CO)CO)I)C(=O)NC(CO)CO)I)O,"This molecule contains alcohols, amides, aromatic rings, and iodine substituents, in which iodine substituents may be the most influential for causing Hepatobiliary disorders.",40,160
CN(CC(CO)O)C(=O)C1=C(C(=C(C(=C1I)C(=O)NCC(CO)O)I)NC(=O)COC)I,"This molecule contains amide, ether, hydroxyl, and iodobenzene functional groups, in which iodobenzene may be the most influential for causing Hepatobiliary disorders.",39,162
CC(=O)NC1=C(C(=C(C(=C1I)C(=O)O)I)C(=O)NC)I,"This molecule contains amide, carboxylic acid, iodobenzene, and ketone functional groups, in which iodobenzene may be the most influential for causing Hepatobiliary disorders.",42,149
CN(C1=C(C(=C(C(=C1I)C(=O)NC(CO)C(CO)O)I)C(=O)NC(CO)C(CO)O)I)C(=O)CC(=O)N(C)C2=C(C(=C(C(=C2I)C(=O)NC(CO)C(CO)O)I)C(=O)NC(CO)C(CO)O)I,"This molecule contains amide, carboxylic acid, ether, and iodobenzene functional groups, in which iodobenzene may be the most influential for causing Hepatobiliary disorders.",41,222
CC(=O)OCC(=O)[C@]1(CC[C@@H]2[C@@]1(C[C@@H]([C@H]3[C@H]2CCC4=CC(=O)C=C[C@]34C)O)C)O.CNC[C@@H](C1=CC(=CC=C1)O)O.Cl,"This molecule contains an amine, an ester, an ether, and a phenol functional groups, in which the ester may be the most influential for causing Hepatobiliary disorders.",39,195
C(CO)N(C1=C(C(=C(C(=C1I)C(=O)NCC(CO)O)I)C(=O)NCC(CO)O)I)C(=O)CO,"This molecule contains amide, ether, hydroxyl, and iodobenzene functional groups, in which iodobenzene may be the most influential for causing Hepatobiliary disorders.",39,166
CC(=O)N(C)C1=C(C(=C(C(=C1I)C(=O)NCC(=O)NC2=C(C(=C(C(=C2I)C(=O)O)I)C(=O)NCCO)I)I)C(=O)NC)I,"This molecule contains amide, carboxylic acid, iodobenzene, and ketone functional groups, in which iodobenzene may be the most influential for causing Hepatobiliary disorders.",42,190
CC(=O)N(CC(CO)O)C1=C(C(=C(C(=C1I)C(=O)NCC(CO)O)I)C(=O)NCCO)I,"This molecule contains amide, aromatic ring, ether, and iodobenzene functional groups, in which iodobenzene may be the most influential for causing Hepatobiliary disorders.",38,163
[C-]#N.[C-]#N.[C-]#N.[C-]#N.[C-]#N.[N-]=O.[Fe],"This molecule contains cyano, cyano, cyano, and nitroso functional groups, in which cyano may be the most influential for causing Hepatobiliary disorders.",36,151
CC(C)[N+]1(C2CCC1CC(C2)OC(=O)C(CO)C3=CC=CC=C3)C,"This molecule contains an aromatic ring, ester, ether, and tertiary amine functional groups, in which the tertiary amine may be the most influential for causing Hepatobiliary disorders.",38,146
B([C@@H](CC(C)C)NC(=O)[C@@H](CC1=CC=CC=C1)NC(=O)C2=NC=CN=C2)(O)O,"This molecule contains an amide, an aromatic ring, a boronic acid, and a secondary amine functional groups, in which the boronic acid may be the most influential for causing Hepatobiliary disorders.",43,159
CCCCC1=NC2(CCCC2)C(=O)N1CC3=CC=C(C=C3)C4=CC=CC=C4C5=NNN=N5,"This molecule contains an amide, an azo compound, a benzene ring, and a pyrazole ring, in which the azo compound may be the most influential for causing Hepatobiliary disorders.",43,154
CCC1=C2C=C(C=CC2=NC3=C1CN4C3=CC5=C(C4=O)COC(=O)C5(CC)O)OC(=O)N6CCC(CC6)N7CCCCC7,"This molecule contains amide, ester, ether, and tertiary amine functional groups, in which amide may be the most influential for causing Hepatobiliary disorders.",35,169
CC(C)CC(C(=O)NC(CCCN=C(N)N)C(=O)N1CCCC1C(=O)NCC(=O)N)NC(=O)CNC(=O)C(CC2=CC=C(C=C2)O)NC(=O)C(CO)NC(=O)C(CC3=CNC4=CC=CC=C43)NC(=O)C(CC5=CN=CN5)NC(=O)C6CCC(=O)N6,"This molecule contains amide, aromatic ring, ether, and imidazole functional groups, in which amide may be the most influential for causing Hepatobiliary disorders.",35,231
CCC(=O)O[C@](CC1=CC=CC=C1)(C2=CC=CC=C2)[C@H](C)CN(C)C.C1=CC=C2C=C(C=CC2=C1)S(=O)(=O)O,"This molecule contains an amine, an ester, a ketone, and a sulfone functional groups, in which the ester may be the most influential for causing Hepatobiliary disorders.",40,174
CC1=CC(=NO1)C(=O)NNCC2=CC=CC=C2,"This molecule contains an amide, an aromatic ring, an oxime, and a secondary amine functional groups, in which the amide may be the most influential for causing Hepatobiliary disorders.",41,136
C(C(F)(F)F)(OC(F)F)Cl,"This molecule contains an alkyl chloride, an ether, and a trifluoromethyl group, in which the alkyl chloride may be the most influential for causing Hepatobiliary disorders.",39,127
C1=CN=CC=C1C(=O)NN,"This molecule contains an amide, an aromatic ring, a cyano group, and a hydrazine functional group, in which the amide may be the most influential for causing Hepatobiliary disorders.",43,127
CCCCCCCC(=O)CCC1C(CC(C1CC=CCCCC(=O)OC(C)C)O)O,"This molecule contains an ester group, a ketone group, secondary alcohols, and an alkene group, in which the ketone may be the most influential for causing Hepatobiliary disorders.",42,142
CC(C)NCC(C1=CC(=C(C=C1)O)O)O,"This molecule contains an amine, an ether, a phenol, and a tertiary carbon, in which the phenol may be the most influential for causing Hepatobiliary disorders.",37,134
C1C(C2C(O1)C(CO2)O[N+](=O)[O-])O[N+](=O)[O-],"This molecule contains an ether, a furanose ring, a hydroxyl group, and two nitro groups, in which the nitro groups may be the most influential for causing Hepatobiliary disorders.",43,147
C1=CC(=C(C=C1C(=N)N)Br)OCCCOC2=C(C=C(C=C2)C(=N)N)Br.C(CS(=O)(=O)O)O,"This molecule contains amines, aryl bromides, aryl ethers, and sulfonates, in which sulfonates may be the most influential for causing Hepatobiliary disorders.",39,164
CC(COC1=CC=CC=C1)NC(C)C(C2=CC=C(C=C2)O)O,"This molecule contains an ether, phenol, secondary amine, and two benzene rings, in which the phenol may be the most influential for causing Hepatobiliary disorders.",37,140
CC1=C(C(C(=C(N1)C)C(=O)OC(C)C)C2=CC=CC3=NON=C32)C(=O)OC,"This molecule contains an ester, ketone, oxazole, and pyrrole functional groups, in which the ester may be the most influential for causing Hepatobiliary disorders.",38,154
CCC(C)N1C(=O)N(C=N1)C2=CC=C(C=C2)N3CCN(CC3)C4=CC=C(C=C4)OCC5COC(O5)(CN6C=NC=N6)C7=C(C=C(C=C7)Cl)Cl,"This molecule contains amide, aryl halide, imidazole, and piperazine functional groups, in which aryl halide may be the most influential for causing Hepatobiliary disorders.",41,181
CC#CCN1C2=C(N=C1N3CCC[C@H](C3)N)N(C(=O)N(C2=O)CC4=NC5=CC=CC=C5C(=N4)C)C,"This molecule contains amide, cyano, piperidine, and triazole functional groups, in which amide may be the most influential for causing Hepatobiliary disorders.",36,168
CNC1(CCCCC1=O)C2=CC=CC=C2Cl,"This molecule contains an amide, an aromatic ring, a chlorobenzene, and a cyclohexanone functional group, in which the amide may be the most influential for causing Hepatobiliary disorders.",45,130
CC(=O)N1CCN(CC1)C2=CC=C(C=C2)OCC3COC(O3)(CN4C=CN=C4)C5=C(C=C(C=C5)Cl)Cl,"This molecule contains amide, aromatic rings, ether, and halides functional groups, in which halides may be the most influential for causing Hepatobiliary disorders.",34,162
CC(C1=CC=CC(=C1)C(=O)C2=CC=CC=C2)C(=O)O,"This molecule contains benzene rings, carbonyl groups, and an ester functional group, in which the carbonyl groups may be the most influential for causing Hepatobiliary disorders.",39,145
[NH+](=O)[O-].[Na+],"This molecule contains azanide, nitroso, oxide, and sodium cation functional groups, in which nitroso may be the most influential for causing Hepatobiliary disorders.",38,125
CN1CCC(=C2C3=C(C(=O)CC4=CC=CC=C42)SC=C3)CC1,"This molecule contains a benzene ring, cyclohexene, ketone, and thioether functional groups, in which the ketone may be the most influential for causing Hepatobiliary disorders.",41,143
C1=COC(=C1)CNC2=NC=NC3=C2NC=N3,"This molecule contains an amine, an ether, a pyrrole, and triazole functional groups, in which the triazole may be the most influential for causing Hepatobiliary disorders.",39,135
C[C@H]1/C=C/C=C(\C(=O)NC\2=C(C3=C(C(=C4C(=C3C(=O)/C2=C/NN5CCN(CC5)C6CCCC6)C(=O)[C@](O4)(O/C=C/[C@@H]([C@H]([C@H]([C@@H]([C@@H]([C@@H]([C@H]1O)C)O)C)OC(=O)C)C)OC)C)C)O)O)/C,"This molecule contains amide, ester, ether, and ketone functional groups, in which amide may be the most influential for causing Hepatobiliary disorders.",34,245
CC(CN1CCN(CCN(CCN(CC1)CC(=O)[O-])CC(=O)[O-])CC(=O)[O-])O.[Gd+3],"This molecule contains amide, ether, piperazine, and tertiary amine functional groups, in which amide may be the most influential for causing Hepatobiliary disorders.",36,157
C1=CC=C(C=C1)CC(C(=O)O)O,"This molecule contains a benzene ring, carboxylic acid, hydroxyl group, and ethyl group, in which the carboxylic acid may be the most influential for causing Hepatobiliary disorders.",45,131
C[C@H]([C@@H](C(=O)N[C@@H](CC1=CC=CC=C1)C(=O)N[C@@H]([C@@H](C)O)C(=O)N[C@@H](CO)C(=O)N[C@@H](CCC(=O)O)C(=O)N[C@@H](CC(C)C)C(=O)N[C@@H](CO)C(=O)N[C@@H](CCCNC(=N)N)C(=O)N[C@@H](CC(C)C)C(=O)N[C@@H](CCCNC(=N)N)C(=O)N[C@@H](CCC(=O)O)C(=O)NCC(=O)N[C@@H](C)C(=O)N[C@@H](CCCNC(=N)N)C(=O)N[C@@H](CC(C)C)C(=O)N[C@@H](CCC(=O)N)C(=O)N[C@@H](CCCNC(=N)N)C(=O)N[C@@H](CC(C)C)C(=O)N[C@@H](CC(C)C)C(=O)N[C@@H](CCC(=O)N)C(=O)NCC(=O)N[C@@H](CC(C)C)C(=O)N[C@@H](C(C)C)C(=O)N)NC(=O)CNC(=O)[C@H](CC(=O)O)NC(=O)[C@H](CO)NC(=O)[C@H](CC2=CN=CN2)N)O.CC(=O)O,"This molecule contains amide, aromatic ring, carboxylic acid, and guanidino functional groups, in which the aromatic ring may be the most influential for causing Hepatobiliary disorders.",41,521
C1=NC2=C(N1)C(=S)N=C(N2)N,"This molecule contains amine, imine, thione, and triazole functional groups, in which thione may be the most influential for causing Hepatobiliary disorders.",35,133
CC(CCC1=CC=CC=C1)NCC(C2=CC(=C(C=C2)O)C(=O)N)O,"This molecule contains an amine, an aromatic ring, an ether, and a ketone functional groups, in which the ketone may be the most influential for causing Hepatobiliary disorders.",39,147
C(C1C(C(C(C(O1)OC2C(OC(C2O)(CO)O)CO)O)O)O)O,"This molecule contains acetal, ether, hemiacetal, and hydroxyl functional groups, in which acetal may be the most influential for causing Hepatobiliary disorders.",36,145
C1C(OC(S1)CO)N2C=CC(=NC2=O)N,"This molecule contains an amide, an ether, a thioether, and a triazole ring, in which the triazole ring may be the most influential for causing Hepatobiliary disorders.",40,136
C1=CC(=C(C(=C1)Cl)Cl)C2=C(N=C(N=N2)N)N,"This molecule contains azo, chlorobenzene, diazene, and triazine functional groups, in which chlorobenzene may be the most influential for causing Hepatobiliary disorders.",40,142
CC1=C(C=CN=C1CS(=O)C2=NC3=CC=CC=C3N2)OCC(F)(F)F,"This molecule contains an ether, fluorocarbon, sulfone, and triazole functional groups, in which sulfone may be the most influential for causing Hepatobiliary disorders.",36,147
CC(C)OC(=O)CCCC=CCC1C(CC(C1CCC(CCC2=CC=CC=C2)O)O)O,"This molecule contains an ester, ether, phenyl, and secondary alcohols functional groups, in which the ester may be the most influential for causing Hepatobiliary disorders.",38,145
CC1=C(C=NO1)C(=O)NC2=CC=C(C=C2)C(F)(F)F,"This molecule contains an amide, an aromatic ring, a fluoroalkyl group, and an oxime functional group, in which the fluoroalkyl group may be the most influential for causing Hepatobiliary disorders.",46,141
C1=CC(=CC=C1C#N)C(C2=CC=C(C=C2)C#N)N3C=NC=N3,"This molecule contains a benzene ring, cyano groups, and a triazole ring, in which the cyano groups may be the most influential for causing Hepatobiliary disorders.",37,147
CC(=O)OCC(=O)C12C(CC3C1(CC(C4(C3CC(C5=CC(=O)C=CC54C)F)F)O)C)OC(O2)(C)C,"This molecule contains acetal, cyclohexene, ester, and ketone functional groups, in which ester may be the most influential for causing Hepatobiliary disorders.",37,166
[Li+],"This molecule contains a cationic group, and no other significant functional groups or subgraphs, in which the cationic group may be the most influential for causing Hepatobiliary disorders.",39,116
CCNC(=O)C1CCCN1C(=O)C(CCCN=C(N)N)NC(=O)C(CC(C)C)NC(=O)C(CC(C)C)NC(=O)C(CC2=CC=C(C=C2)O)NC(=O)C(CO)NC(=O)C(CC3=CNC4=CC=CC=C43)NC(=O)C(CC5=CN=CN5)NC(=O)C6CCC(=O)N6,"This molecule contains amide, aromatic ring, ether, and imidazole functional groups, in which amide may be the most influential for causing Hepatobiliary disorders.",35,232
CC(C)(C)NCC(COC1=CC=CC2=C1CCCC2=O)O,"This molecule contains an amine, an ether, a ketone, and a tertiary carbon group, in which the ketone may be the most influential for causing Hepatobiliary disorders.",38,136
CC1CN(CCC1(C2=CC=CC=C2)C(=O)O)C3CCC(CC3)(C#N)C4=CC=C(C=C4)F,"This molecule contains a benzene ring, a cyclohexane ring, an ester group, and a nitrile group, in which the ester group may be the most influential for causing Hepatobiliary disorders.",46,155
CC(CN1C2=CC=CC=C2SC3=C1C=C(C=C3)OC)CN(C)C,"This molecule contains an ether, a secondary amine, a thioether, and a tertiary amine functional groups, in which the tertiary amine may be the most influential for causing Hepatobiliary disorders.",43,141
CN1CCC23CCCCC2C1CC4=C3C=C(C=C4)O,"This molecule contains a benzene ring, an ether, a secondary amine, and a series of cycloalkanes, in which the secondary amine may be the most influential for causing Hepatobiliary disorders.",44,133
[Ra],"This molecule contains an alkaline earth metal, in which the alkaline earth metal may be the most influential for causing Hepatobiliary disorders.",29,116
CCCC1CC(N(C1)C)C(=O)NC(C2C(C(C(C(O2)SC)O)O)O)C(C)O,"This molecule contains an amide, ether, thioether, and tetrahydropyran functional groups, in which the thioether may be the most influential for causing Hepatobiliary disorders.",42,150
CC(=O)NCC1CN(C(=O)O1)C2=CC(=C(C=C2)N3CCOCC3)F,"This molecule contains an amide, an ester, a fluorobenzene, and a morpholine functional groups, in which the amide may be the most influential for causing Hepatobiliary disorders.",42,149
C1CC(N(C1)C(=O)C(CCCCN)NC(CCC2=CC=CC=C2)C(=O)O)C(=O)O,"This molecule contains amide, aromatic ring, carboxylic acid, and secondary amine functional groups, in which the aromatic ring may be the most influential for causing Hepatobiliary disorders.",40,154
C1=NC2=C(N1)C(=S)N=CN2,"This molecule contains an amine, an imine, a thiazole, and a triazole functional group, in which the thiazole may be the most influential for causing Hepatobiliary disorders.",42,131
[Li+].[OH-],"This molecule contains alkali metal cation, hydroxide anion, lithium cation, and oxygen-hydrogen bond functional groups, in which hydroxide anion may be the most influential for causing Hepatobiliary disorders.",48,120
CCN1C=C(C(=O)C2=CC(=C(C(=C21)F)N3CCNC(C3)C)F)C(=O)O,"This molecule contains amide, aromatic ring, ester, and fluoro groups, in which amide may be the most influential for causing Hepatobiliary disorders.",34,155
C1CCC(CC1)NC(=O)N(CCCl)N=O,"This molecule contains an amide, a cyclohexane, a nitroso, and a secondary amine functional groups, in which the nitroso may be the most influential for causing Hepatobiliary disorders.",45,132
C1=CN(C(=O)NC1=O)[C@H]2[C@@H]([C@@H]([C@H](O2)COP(=O)(O)O[C@@H]3[C@H](O[C@H]([C@@H]3O)N4C=CC(=O)NC4=O)CO)O)O,"This molecule contains an amide, a phosphate, a pyrimidine ring, and a ribose sugar, in which the phosphate may be the most influential for causing Hepatobiliary disorders.",39,199
CCOC(=O)N1CCC(=C2C3=C(CCC4=C2N=CC=C4)C=C(C=C3)Cl)CC1,"This molecule contains an ether, ester, halogen (specifically chlorine), and imine functional groups, in which the ester may be the most influential for causing Hepatobiliary disorders.",40,150
C1=CC=C(C(=C1)C2=NC(C(=O)NC3=C2C=C(C=C3)Cl)O)Cl,"This molecule contains amide, chlorobenzene, hydroxyl, and pyridine functional groups, in which chlorobenzene may be the most influential for causing Hepatobiliary disorders.",41,148
CCCCC1=NC(=C(N1CC2=CC=C(C=C2)C3=CC=CC=C3C4=NNN=N4)CO)Cl,"This molecule contains an alkyl chain, an aryl group, a chloropyrimidine, and a tetrazole ring, in which the chloropyrimidine may be the most influential for causing Hepatobiliary disorders.",46,151
CCC(C)C(=O)OC1CC(C=C2C1C(C(C=C2)C)CCC3CC(CC(=O)O3)O)C,"This molecule contains an ester group, a ketone group, a tertiary alcohol group, and a cyclohexene ring, in which the ester group may be the most influential for causing Hepatobiliary disorders.",45,151
CN1CCN(CC1)C2=NC3=CC=CC=C3OC4=C2C=C(C=C4)Cl,"This molecule contains a chlorobenzene ring, a morpholine ring, a pyridine ring, and an ether linkage, in which the morpholine ring may be the most influential for causing Hepatobiliary disorders.",45,142
CCCC1=NC(=C(N1CC2=CC=C(C=C2)C3=CC=CC=C3C4=NNN=N4)C(=O)OCC5=C(OC(=O)O5)C)C(C)(C)O.C1NC2=CC(=C(C=C2S(=O)(=O)N1)S(=O)(=O)N)Cl,"This molecule contains amide, aryl halide, sulfonamide, and tetrazole functional groups, in which sulfonamide may be the most influential for causing Hepatobiliary disorders.",40,208
COC1=CC(=CC(=C1O)OC)C2=C(C=C3C(=CC(=CC3=[O+]2)O)O)O.[Cl-],"This molecule contains an alkoxy group, a chloro group, a phenol group, and a quinone moiety, in which the quinone moiety may be the most influential for causing Hepatobiliary disorders.",48,157
C1=CC=C(C=C1)N2C=C(C=C(C2=O)C3=CC=CC=C3C#N)C4=CC=CC=N4,"This molecule contains an amide, an aryl halide, an azo compound, and a nitrile functional group, in which the amide may be the most influential for causing Hepatobiliary disorders.",44,153
C1=CC(=CC=C1CN)S(=O)(=O)N,"This molecule contains an amine, an aromatic ring, a sulfonamide, and a vinyl group, in which the sulfonamide may be the most influential for causing Hepatobiliary disorders.",40,133
CCOC(=O)CC(C(=O)OCC)SP(=S)(OC)OC,"This molecule contains an ester, ether, phosphorothioate, and thioester functional groups, in which the phosphorothioate may be the most influential for causing Hepatobiliary disorders.",43,136
CNCCCC12CCC(C3=CC=CC=C31)C4=CC=CC=C24,"This molecule contains a cyano group, a naphthalene moiety, phenyl rings, and saturated carbon rings, in which the cyano group may be the most influential for causing Hepatobiliary disorders.",44,134
CN1CCN(CC1)CCCOC2=C(C=C3C(=C2)N=CC(=C3NC4=CC(=C(C=C4Cl)Cl)OC)C#N)OC,"This molecule contains a chlorobenzene ring, an ether linkage, a piperazine ring, and a pyridine ring, in which the chlorobenzene ring may be the most influential for causing Hepatobiliary disorders.",48,161
COC(=O)NC1=NC2=C(N1)C=C(C=C2)C(=O)C3=CC=CC=C3,"This molecule contains amide, aromatic rings, ester, and pyrimidine functional groups, in which amide may be the most influential for causing Hepatobiliary disorders.",36,147
CCN(CCCCOC(=O)C1=CC(=C(C=C1)OC)OC)C(C)CC2=CC=C(C=C2)OC,"This molecule contains an amine, an ether, a phenyl ring, and a tertiary carbon, in which the amine may be the most influential for causing Hepatobiliary disorders.",38,150
CC1(C2CCC(C2)C1(C)NC)C,"This molecule contains an amine, cyclohexane, isopropyl, and tertiary carbon groups, in which the amine may be the most influential for causing Hepatobiliary disorders.",40,128
CN(CCCl)CCCl,"This molecule contains alkyl halide, amine, and alkane functional groups, in which alkyl halide may be the most influential for causing Hepatobiliary disorders.",36,120
CC1=CC(=CC=C1)CN2CCN(CC2)C(C3=CC=CC=C3)C4=CC=C(C=C4)Cl,"This molecule contains benzene rings, chlorobenzene, secondary amines, and tertiary amines, in which tertiary amines may be the most influential for causing Hepatobiliary disorders.",42,150
CC1=C(C(=C(C=C1)Cl)NC2=CC=CC=C2C(=O)[O-])Cl,"This molecule contains a benzene ring, a carboxylate group, chloro substituents, and an amine group, in which the carboxylate group may be the most influential for causing Hepatobiliary disorders.",48,143
CC1OC2=C(O1)C=C(C=C2)C(C)(C)C,"This molecule contains an ether, a methyl group, a tertiary butyl group, and a phenyl ring, in which the ether may be the most influential for causing Hepatobiliary disorders.",39,133
CC1CC2C(CCC3(C2CCC3(C(=O)C)OC(=O)C)C)C4(C1=CC(=O)CC4)C,"This molecule contains cyclohexane rings, ester groups, ketone groups, and methyl groups, in which ester groups may be the most influential for causing Hepatobiliary disorders.",39,155
CC(CCC1=CC=C(C=C1)O)NCCC2=CC(=C(C=C2)O)O,"This molecule contains amine, aromatic rings, and ether functional groups, in which aromatic rings may be the most influential for causing Hepatobiliary disorders.",31,141
CC1=C(C(=CC=C1)NC2=CC=CC=C2C(=O)O)C,"This molecule contains an amine, an aromatic ring, a carboxylic acid, and an ethyl group, in which the carboxylic acid may be the most influential for causing Hepatobiliary disorders.",45,139
C1CCNC(C1)C(C2=CC(=NC3=C2C=CC=C3C(F)(F)F)C(F)(F)F)O,"This molecule contains an amine, an ether, a piperidine ring, and a trifluoromethyl group, in which the amine may be the most influential for causing Hepatobiliary disorders.",43,151
CC1=CC2C(CCC3(C2CCC3(C(=O)C)OC(=O)C)C)C4(C1=CC(=O)CC4)C,"This molecule contains cyclohexane rings, ester groups, ketone groups, and methyl groups, in which ester groups may be the most influential for causing Hepatobiliary disorders.",39,156
CC1=CN=C(S1)NC(=O)C2=C(C3=CC=CC=C3S(=O)(=O)N2C)[O-].[Na+],"This molecule contains an amide, an aromatic ring, a sulfonamide, and a thiazole functional group, in which the sulfonamide may be the most influential for causing Hepatobiliary disorders.",43,154
C1=CC(=CC=C1CC(C(=O)O)N)N(CCCl)CCCl,"This molecule contains amine, aromatic ring, carboxylic acid, and chloroalkane functional groups, in which chloroalkane may be the most influential for causing Hepatobiliary disorders.",42,139
CC12CC3CC(C1)(CC(C3)(C2)N)C,"This molecule contains a cyclohexane ring, a piperidine ring, secondary amines, and tertiary carbons, in which the piperidine ring may be the most influential for causing Hepatobiliary disorders.",46,131
C[N+]1(CCCC(C1)OC(=O)C(C2=CC=CC=C2)(C3=CC=CC=C3)O)C,"This molecule contains an aromatic ring, ester, ether, and quaternary ammonium functional groups, in which the quaternary ammonium may be the most influential for causing Hepatobiliary disorders.",42,149
CCOC(=O)C1(CCN(CC1)C)C2=CC=CC=C2,"This molecule contains an ether, ester, piperidine, and phenyl functional groups, in which the ester may be the most influential for causing Hepatobiliary disorders.",37,136
CCC1(C(=O)N(C(=O)N1)C)C2=CC=CC=C2,"This molecule contains amide, aromatic ring, ketone, and secondary amine functional groups, in which amide may be the most influential for causing Hepatobiliary disorders.",36,139
CC1=C(C(=CC=C1)C)NC(=O)C2CCCCN2C,"This molecule contains an amide, an aromatic ring, a piperidine ring, and a vinyl group, in which the amide may be the most influential for causing Hepatobiliary disorders.",40,136
CCCC(C)(COC(=O)N)COC(=O)N,"This molecule contains amide, ether, methyl, and tertiary carbon groups, in which amide may be the most influential for causing Hepatobiliary disorders.",32,132
C1=CC(=C(C=C1N)C(=O)O)O,"This molecule contains an amine, a benzene ring, a carboxylic acid, and a phenol functional group, in which the carboxylic acid may be the most influential for causing Hepatobiliary disorders.",47,133
CNC(=O)CN(CCN(CCN(CC(=O)NC)CC(=O)[O-])CC(=O)[O-])CC(=O)[O-].O.[Gd+3],"This molecule contains amide, amines, carboxylate, and gadolinium complex functional groups, in which gadolinium complex may be the most influential for causing Hepatobiliary disorders.",42,161
CC1CNCCC2=C1C=C(C=C2)Cl,"This molecule contains an alkyl chain, a chlorobenzene ring, a piperidine ring, and an ethylene bridge, in which the chlorobenzene ring may be the most influential for causing Hepatobiliary disorders.",48,127
CC(C)NCC(C1=CC(=CC(=C1)O)O)O,"This molecule contains an amine, an ether, a phenol, and a tertiary carbon, in which the phenol may be the most influential for causing Hepatobiliary disorders.",37,135
CN(C)C(=N)N=C(N)N,"This molecule contains amide, amine, cyanide, and imine functional groups, in which cyanide may be the most influential for causing Hepatobiliary disorders.",35,126
C([C@H]1[C@@H]([C@H]([C@@H]([C@@H](O1)OC[C@@H]2[C@H]([C@@H]([C@H]([C@H](O2)OC[C@H]([C@H]([C@@H]([C@H](C=O)O)O)O)O)O)O)O)O)O)O)O,"This molecule contains acetal, hemiacetal, hydroxyl, and ketone functional groups, in which ketone may be the most influential for causing Hepatobiliary disorders.",37,215
CCCCC1=C(C2=C(O1)C=CC(=C2)NS(=O)(=O)C)C(=O)C3=CC=C(C=C3)OCCCN(CCCC)CCCC,"This molecule contains an ether, a ketone, a sulfonamide, and a tertiary amine functional groups, in which the sulfonamide may be the most influential for causing Hepatobiliary disorders.",42,162
C1N2CN3CN1CN(C2)C3,"This molecule contains amine, imine, and triazine functional groups, in which imine may be the most influential for causing Hepatobiliary disorders.",32,127
CCC(=O)NCC[C@@H]1CCC2=C1C3=C(C=C2)OCC3,"This molecule contains an amide, an ether, a ketone, and a phenyl ring, in which the amide may be the most influential for causing Hepatobiliary disorders.",38,139
COC1=CC=CC=C1OCC(COC(=O)N)O,"This molecule contains an amide, an ether, a phenyl ring, and a secondary alcohol functional groups, in which the amide may be the most influential for causing Hepatobiliary disorders.",40,133
CS(=O)(=O)CCNCC1=CC=C(O1)C2=CC3=C(C=C2)N=CN=C3NC4=CC(=C(C=C4)OCC5=CC(=CC=C5)F)Cl,"This molecule contains amine, chlorophenyl, fluorophenyl, and sulfone functional groups, in which sulfone may be the most influential for causing Hepatobiliary disorders.",39,171
CN(CC1=CN=C2C(=N1)C(=NC(=N2)N)N)C3=CC=C(C=C3)C(=O)NC(CCC(=O)O)C(=O)O,"This molecule contains amide, aromatic ring, carboxylic acid, and triazole functional groups, in which triazole may be the most influential for causing Hepatobiliary disorders.",38,168
COC1=C2C(=CC3=C1OC=C3)C=CC(=O)O2,"This molecule contains an ether, a furan, a ketone, and a phenol functional groups, in which the ketone may be the most influential for causing Hepatobiliary disorders.",39,138
C(C1C(C(C(C(O1)O)F)O)O)O,"This molecule contains an ether, a fluorine substituent, a hemiacetal, and hydroxyl groups, in which the fluorine substituent may be the most influential for causing Hepatobiliary disorders.",43,132
CC1C(O1)P(=O)(O)O,"This molecule contains an epoxide, a phosphate group, a secondary alcohol, and an ether functional group, in which the phosphate group may be the most influential for causing Hepatobiliary disorders.",39,127
C[N+]1(C2CC(CC1C3C2O3)OC(=O)C(CO)C4=CC=CC=C4)C,"This molecule contains an aromatic ring, an ester group, an ether group, and a tertiary amine, in which the tertiary amine may be the most influential for causing Hepatobiliary disorders.",41,148
CN1C(NC2=CC(=C(C=C2S1(=O)=O)S(=O)(=O)N)Cl)CCl,"This molecule contains a chlorobenzene ring, a sulfonamide group, a thiazolidinedione ring, and a chloroethyl group, in which the thiazolidinedione ring may be the most influential for causing Hepatobiliary disorders.",53,149
O.O.O.O.O.[O-]S(=O)(=S)[O-].[Na+].[Na+],"This molecule contains hydroperoxyl, peroxides, sulfonate, and sulfone functional groups, in which sulfonate may be the most influential for causing Hepatobiliary disorders.",40,138
C(C1=C(SC(=C1C#N)N(CC(=O)[O-])CC(=O)[O-])C(=O)[O-])C(=O)[O-].[Sr+2].[Sr+2],"This molecule contains carboxylate, cyano, sulfanyl, and thioamide functional groups, in which carboxylate may be the most influential for causing Hepatobiliary disorders.",40,167
CC(CC1=CC(=C(C=C1)O)O)(C(=O)O)N,"This molecule contains amide, aromatic ring, carboxylic acid, and phenol functional groups, in which amide may be the most influential for causing Hepatobiliary disorders.",38,137
CN(C)C1=CC2=C(C=C1)N=C3C=CC(=[N+](C)C)C=C3S2,"This molecule contains an amine, an aromatic ring, a sulfone, and a thiazole ring, in which the sulfone may be the most influential for causing Hepatobiliary disorders.",40,146
CCC(CO)NC(=O)C1CN(C2CC3=CNC4=CC=CC(=C34)C2=C1)C,"This molecule contains an amide, an ether, a piperidine ring, and a quinoline moiety, in which the quinoline moiety may be the most influential for causing Hepatobiliary disorders.",45,147
COC(=O)C(C1CCCCN1)C2=CC=CC=C2,"This molecule contains an ester, a ketone, a piperidine ring, and a phenyl ring, in which the ester may be the most influential for causing Hepatobiliary disorders.",41,134
CC1CC2C3CCC(C3(CC(C2C4(C1=CC(=O)C=C4)C)O)C)(C(=O)CO)O,"This molecule contains a cyclohexane ring, a ketone, an ether, and a secondary alcohol functional groups, in which the ketone may be the most influential for causing Hepatobiliary disorders.",42,153
CC12CCC(=O)C=C1CCC3C2CCC4(C3CCC4(C)O)C,"This molecule contains a cyclohexanol, cyclohexene, ketone, and tertiary carbon groups, in which the ketone may be the most influential for causing Hepatobiliary disorders.",40,138
CCC(CO)NC(=O)C1CN(C2CC3=CN(C4=CC=CC(=C34)C2=C1)C)C,"This molecule contains an amide, an ether, a piperidine ring, and a quinoline moiety, in which the quinoline moiety may be the most influential for causing Hepatobiliary disorders.",45,150
CCN(CC)CCNC(=O)C1=CC(=C(C=C1OC)N)Cl,"This molecule contains an amide, an aromatic ring, an ether, and a secondary amine functional groups, in which the amide may be the most influential for causing Hepatobiliary disorders.",40,138
CC1NC2=CC(=C(C=C2C(=O)N1C3=CC=CC=C3C)S(=O)(=O)N)Cl,"This molecule contains an amide, a benzene ring, a chlorobenzene, and a sulfonamide functional group, in which the sulfonamide may be the most influential for causing Hepatobiliary disorders.",45,153
CC(C)NCC(COC1=CC=C(C=C1)CCOC)O,"This molecule contains an ether, a secondary amine, a tertiary alcohol, and an aromatic ring functional groups, in which the aromatic ring may be the most influential for causing Hepatobiliary disorders.",40,132
CC1=NC=C(N1CCO)[N+](=O)[O-],"This molecule contains an ether, a nitro group, a pyrimidine ring, and a secondary amine, in which the nitro group may be the most influential for causing Hepatobiliary disorders.",42,132
CC(C)(C1=CN=CC=C1)C(=O)C2=CN=CC=C2,"This molecule contains a benzene ring, a ketone, and two pyridine rings, in which the ketone may be the most influential for causing Hepatobiliary disorders.",37,138
CC1=C(C(=CC=C1)C)OCC(C)N,"This molecule contains an aromatic ring, an ether, a secondary amine, and an alkyl chain, in which the aromatic ring may be the most influential for causing Hepatobiliary disorders.",39,130
CN1CCN2C(C1)C3=CC=CC=C3CC4=CC=CC=C42,"This molecule contains a benzene ring, a piperidine ring, and a pyrrolidine ring, in which the benzene ring may be the most influential for causing Hepatobiliary disorders.",41,138
C1=CC(=C(C=C1Cl)Cl)COC(CN2C=CN=C2)C3=C(C=C(C=C3)Cl)Cl,"This molecule contains chlorobenzene, ether, imidazole, and nitrile functional groups, in which chlorobenzene may be the most influential for causing Hepatobiliary disorders.",40,150
CC1=NC=C2N1C3=C(C=C(C=C3)Cl)C(=NC2)C4=CC=CC=C4F,"This molecule contains a chlorophenyl group, a fluorobenzene group, a pyridine ring, and a triazole ring, in which the chlorophenyl group may be the most influential for causing Hepatobiliary disorders.",50,147
COC1=CC(=C(C=C1)OC)C(CNC(=O)CN)O,"This molecule contains an amide, an ether, a phenol, and a secondary amine functional groups, in which the amide may be the most influential for causing Hepatobiliary disorders.",40,137
CC#CC1(CCC2C1(CC(C3=C4CCC(=O)C=C4CCC23)C5=CC=C(C=C5)N(C)C)C)O,"This molecule contains an alkyne, an ether, a ketone, and a tertiary amine functional groups, in which the ketone may be the most influential for causing Hepatobiliary disorders.",41,155
CC1=C(C=C(C(=O)N1)C#N)C2=CC=NC=C2,"This molecule contains an amide, an aromatic ring, a cyano group, and a ketone functional group, in which the amide may be the most influential for causing Hepatobiliary disorders.",41,138
C1CCN(CC1)C2=NC(=N)N(C(=C2)N)O,"This molecule contains an amine, an imine, a piperidine ring, and a pyrimidine ring, in which the imine may be the most influential for causing Hepatobiliary disorders.",42,138
CN1CCN2C(C1)C3=CC=CC=C3CC4=C2N=CC=C4,"This molecule contains amines, aromatic rings, and secondary amines, in which aromatic rings may be the most influential for causing Hepatobiliary disorders.",33,139
C1=CC=C(C(=C1)C(C2=CC=C(C=C2)Cl)C(Cl)Cl)Cl,"This molecule contains benzene rings, chloro groups, and tertiary carbon atoms, in which chloro groups may be the most influential for causing Hepatobiliary disorders.",34,142
C1=CC(=C2C(=C1NCCNCCO)C(=O)C3=C(C=CC(=C3C2=O)O)O)NCCNCCO,"This molecule contains amine, ether, phenol, and quinone functional groups, in which quinone may be the most influential for causing Hepatobiliary disorders.",36,161
CC1CCN(CC1N(C)C2=NC=NC3=C2C=CN3)C(=O)CC#N,"This molecule contains an amide, cyano, imidazole, and piperidine functional groups, in which the amide may be the most influential for causing Hepatobiliary disorders.",39,144
C1COCCN1CCNC(=O)C2=CC=C(C=C2)Cl,"This molecule contains an amide, an ether, a piperidine ring, and a substituted benzene ring, in which the amide may be the most influential for causing Hepatobiliary disorders.",41,135
C1=CC=C(C=C1)C(C2=CC=CC=C2)S(=O)CC(=O)N,"This molecule contains an amide, an aromatic ring, a sulfone, and a vinyl group, in which the sulfone may be the most influential for causing Hepatobiliary disorders.",38,143
CC1CC2C3CCC4=CC(=O)C=CC4(C3(C(CC2(C1(C(=O)CCl)OC(=O)C5=CC=CO5)C)O)Cl)C,"This molecule contains a benzene ring, a chloroacetate ester, a cyclohexene, and a ketone functional group, in which the chloroacetate ester may be the most influential for causing Hepatobiliary disorders.",51,166
C1CCN(C[C@@H](C1)N)C2=C(C=C3C(=C2Cl)N(C=C(C3=O)C(=O)O)C4CC4)F,"This molecule contains an amide, an aromatic ring, a chloro substituent, and a piperidine ring, in which the amide may be the most influential for causing hepatobiliary disorders.",41,161
CC(C)(C1=CC=CC=C1CCC(C2=CC=CC(=C2)C=CC3=NC4=C(C=CC(=C4)Cl)C=C3)SCC5(CC5)CC(=O)O)O,"This molecule contains a benzene ring, cyclohexane, ester, and thioether functional groups, in which the ester may be the most influential for causing Hepatobiliary disorders.",41,172
C[NH+](C)[C@H]1[C@@H]2C[C@@H]3CC4=C(C=CC(=C4C(=C3C(=O)[C@@]2(C(=O)C(=C(N)[O-])C1=O)O)[O-])O)N(C)C,"This molecule contains amide, carboxylate, ketone, and tertiary amine functional groups, in which amide may be the most influential for causing Hepatobiliary disorders.",38,190
CN1CCC23C4C1CC5=C2C(=C(C=C5)O)OC3C(C=C4)O,"This molecule contains an ether, phenol, and tertiary amine functional groups, in which the phenol may be the most influential for causing Hepatobiliary disorders.",34,143
COC1=C2C(=CC(=C1N3CC4CCCNC4C3)F)C(=O)C(=CN2C5CC5)C(=O)O,"This molecule contains an ester, a fluoroarene, a lactam, and a piperidine ring, in which the ester may be the most influential for causing Hepatobiliary disorders.",42,159
C1CN(CCN1CCC=C2C3=CC=CC=C3SC4=C2C=C(C=C4)Cl)CCO.Cl.Cl,"This molecule contains a benzene ring, a chlorobenzene ring, a piperazine ring, and a thioether, in which the chlorobenzene ring may be the most influential for causing Hepatobiliary disorders.",48,146
CC(C1C(O1)CC2COC(C(C2O)O)CC(=CC(=O)OCCCCCCCCC(=O)O)C)C(C)O,"This molecule contains an acetal, an ester, an ether, and a ketone functional group, in which the ester may be the most influential for causing Hepatobiliary disorders.",39,155
CN1CCC[C@@H]1CC2=CNC3=C2C=C(C=C3)CCS(=O)(=O)C4=CC=CC=C4,"This molecule contains an amine, an aromatic ring, a sulfone, and a vinyl group, in which the sulfone may be the most influential for causing Hepatobiliary disorders.",38,151
CC1C(OCCN1C)C2=CC=CC=C2,"This molecule contains an ether, a morpholine ring, a phenyl ring, and a secondary amine, in which the morpholine ring may be the most influential for causing Hepatobiliary disorders.",41,130
CN(C)CCC1=CNC2=C1C=C(C=C2)CN3C=NC=N3.C1=CC=C(C=C1)C(=O)O,"This molecule contains an amide, an aromatic ring, an imidazole, and a phenyl group, in which the amide may be the most influential for causing Hepatobiliary disorders.",40,151
CN(CCOC1=CC=C(C=C1)CC2C(=O)NC(=O)S2)C3=CC=CC=N3.C(=CC(=O)O)C(=O)O,"This molecule contains amide, aromatic ring, ester, and thiazolidinedione functional groups, in which thiazolidinedione may be the most influential for causing Hepatobiliary disorders.",41,163
CC1=C(C(=C(C2=C1COC2=O)O)CC=C(C)CCC(=O)OCCN3CCOCC3)OC,"This molecule contains an ester, ether, ketone, and tertiary amine functional groups, in which the ketone may be the most influential for causing Hepatobiliary disorders.",37,151
CC1=C(C(=C(C2=C1COC2=O)O)CC=C(C)CCC(=O)O)OC,"This molecule contains an ester group, a ketone group, an ether group, and a carboxylic acid group, in which the ketone may be the most influential for causing Hepatobiliary disorders.",44,144
CCOCCP(CCOCC)CCP(CCOCC)CCOCC,"This molecule contains ether, hydrocarbon chain, and phosphine oxide functional groups, in which phosphine oxide may be the most influential for causing Hepatobiliary disorders.",34,130
CC1C2CCC3(C(C2(CCC1O)C)C(CC4C3(CC(C4=C(CCC=C(C)C)C(=O)O)OC(=O)C)C)O)C,"This molecule contains an ester, a ketone, an ether, and a tertiary alcohol functional groups, in which the ester may be the most influential for causing Hepatobiliary disorders.",39,164
CC(=O)CC(C1=CC=CC=C1)C2=C(OC3=CC=CC=C3C2=O)[O-],"This molecule contains an aromatic ring, an ester group, a ketone group, and a phenyl group, in which the ketone group may be the most influential for causing Hepatobiliary disorders.",42,148
C(CN(CC(=O)O)CC(=O)O)N(CCN(CC(=O)O)CC(=O)O)CC(=O)O.[In],"This molecule contains amide, amine, carboxyl, and cyano functional groups, in which amide may be the most influential for causing Hepatobiliary disorders.",36,156
CC(CN1C2=CC=CC=C2SC3=CC=CC=C31)CN(C)C.CC(=O)[C@@H]([C@H](C(=O)C)O)O,"This molecule contains amine, ether, ketone, and thioether functional groups, in which ketone may be the most influential for causing Hepatobiliary disorders.",35,163
CCO/N=C(/C1=NSC(=N1)NP(=O)(O)[O-])\C(=O)NC2C3N(C2=O)C(=C(CS3)SC4=NC(=CS4)C5=CC=[N+](C=C5)C)C(=O)O,"This molecule contains amide, ester, thiazole, and thiadiazole functional groups, in which thiazole may be the most influential for causing Hepatobiliary disorders.",39,191
C[C@H](C1=CC(=CC(=C1)C(F)(F)F)C(F)(F)F)O[C@@H]2[C@@H](N(CCO2)CC3=NC(=O)N(N3)P(=O)([O-])[O-])C4=CC=C(C=C4)F.C[NH2+]C[C@@H]([C@H]([C@@H]([C@@H](CO)O)O)O)O.C[NH2+]C[C@@H]([C@H]([C@@H]([C@@H](CO)O)O)O)O,"This molecule contains amine, ether, fluorobenzene, and phosphate functional groups, in which fluorobenzene may be the most influential for causing Hepatobiliary disorders.",37,261
CC1=CC2=C(NC3=CC=CC=C3N=C2S1)N4CCN(CC4)C.C1=CC=C2C(=C1)C=C(C(=C2CC3=C(C(=CC4=CC=CC=C43)C(=O)O)O)O)C(=O)O.O.O,"This molecule contains amine, ether, phenyl, and thiazole functional groups, in which thiazole may be the most influential for causing Hepatobiliary disorders.",36,195
CC1(O[C@@H]2C[C@H]3C4CCC5=CC(=O)C=CC5([C@H]4C(CC3([C@@]2(O1)C(=O)CO)C)O)C)C,"This molecule contains an aliphatic hydroxyl group, a cyclohexane ring, a ketone group, and a tetrahydrofuran ring, in which the ketone group may be the most influential for causing Hepatobiliary disorders.",52,172
C[N+]1(CC[C@]23[C@@H]4C(=O)CC[C@]2([C@H]1CC5=C3C(=C(C=C5)O)O4)O)CC6CC6.[Br-],"This molecule contains a bromide ion, an ether, a ketone, and a quaternary ammonium, in which the quaternary ammonium may be the most influential for causing Hepatobiliary disorders.",44,170
CCC[C@@H](C(=O)C(=O)NC1CC1)NC(=O)[C@@H]2[C@H]3CCC[C@H]3CN2C(=O)[C@H](C(C)(C)C)NC(=O)[C@H](C4CCCCC4)NC(=O)C5=NC=CN=C5,"This molecule contains amide, cyclohexane, piperidine, and pyrimidine functional groups, in which amide may be the most influential for causing Hepatobiliary disorders.",39,200
CN(C)CCCOC1=NN(C2=CC=CC=C21)CC3=CC=CC=C3,"This molecule contains an amine, an ether, a nitrile, and a phenyl ring, in which the nitrile may be the most influential for causing Hepatobiliary disorders.",40,138
CCCCCCCCCCCCCCCCCC(=O)O.CC[C@@H]1[C@@]([C@@H]([C@H](C(=O)[C@@H](C[C@@]([C@@H]([C@H]([C@@H]([C@H](C(=O)O1)C)O[C@H]2C[C@@]([C@H]([C@@H](O2)C)O)(C)OC)C)O[C@H]3[C@@H]([C@H](C[C@H](O3)C)N(C)C)O)(C)O)C)C)O)(C)O,"This molecule contains ester, ether, hydroxyl, and ketone functional groups, in which ester may be the most influential for causing Hepatobiliary disorders.",35,265
C1CNC[C@@H]1N2CC/C(=C\C3=C(N4[C@@H]([C@@H](C4=O)NC(=O)/C(=C\5/NSC(=N5)N)/N=O)SC3)C(=O)O)/C2=O,"This molecule contains amide, imine, oxazole, and thiourea functional groups, in which imine may be the most influential for causing Hepatobiliary disorders.",36,187
[H+].[H+].[H+].CC1=NC=C(C(=C1[O-])CN(CCN(CC2=C(C(=NC=C2COP(=O)([O-])[O-])C)[O-])CC(=O)[O-])CC(=O)[O-])COP(=O)([O-])[O-].[Na+].[Na+].[Na+].[Mn+2],"This molecule contains amine, cyano, phosphate, and pyridine functional groups, in which cyano may be the most influential for causing Hepatobiliary disorders.",35,210
CCC(C)[C@@H]1[C@H](CC[C@@]2(O1)CC3C[C@H](O2)C/C=C(/[C@H]([C@H](/C=C/C=C/4\CO[C@H]5[C@@]4([C@@H](C=C([C@H]5O)C)C(=O)O3)O)C)O[C@H]6C[C@@H]([C@H]([C@@H](O6)C)OC7C[C@@H]([C@H]([C@@H](O7)C)O)OC)OC)\C)C.C[C@H]1CC[C@]2(CC3C[C@H](O2)C/C=C(/[C@H]([C@H](/C=C/C=C/4\CO[C@H]5[C@@]4([C@@H](C=C([C@H]5O)C)C(=O)O3)O)C)O[C@H]6C[C@@H]([C@H]([C@@H](O6)C)OC7C[C@@H]([C@H]([C@@H](O7)C)O)OC)OC)\C)O[C@@H]1C(C)C,"This molecule contains alcohol, alkene, ether, and ester functional groups, in which ester may be the most influential for causing Hepatobiliary disorders.",33,407
CCCCCCCCCCNCC=C.C[N+](C)(C)CCCCCCNCC=C.C=CCN.C1C(O1)CCl.Cl.[Cl-],"This molecule contains alkene, amine, ether, and quaternary ammonium functional groups, in which quaternary ammonium may be the most influential for causing Hepatobiliary disorders.",40,148
C1[C@H]([C@@H]2[C@H](O1)[C@H](CO2)O)O,"This molecule contains acetal, ether, hemiacetal, and hydroxyl functional groups, in which acetal may be the most influential for causing Hepatobiliary disorders.",36,142
CC(=O)OC1=CC2=C(S1)CCN(C2)C(C3=CC=CC=C3F)C(=O)C4CC4,"This molecule contains an ester, a ketone, a thioether, and an aromatic ring with a fluorine substituent, in which the ester may be the most influential for causing Hepatobiliary disorders.",45,152
CC(=O)CCC1=CC2=C(C=C1)C=C(C=C2)OC,"This molecule contains an aliphatic chain, an aromatic ring, an ether, and a ketone functional group, in which the ketone may be the most influential for causing Hepatobiliary disorders.",41,135
CC(C)(C)NCC(COC1=CC=CC2=C1CC(C(C2)O)O)O,"This molecule contains an amine, an ether, a phenol, and a tertiary alcohol functional groups, in which the tertiary alcohol may be the most influential for causing Hepatobiliary disorders.",39,140
C[C@@H]1CC[C@@]23CCC(=O)[C@H]2[C@@]1([C@@H](C[C@@]([C@H]([C@@H]3C)O)(C)C=C)OC(=O)CSC4C[C@H]5CC[C@@H](C4)N5C)C,"This molecule contains an ester, a ketone, a thioether, and a tertiary amine functional groups, in which the ketone may be the most influential for causing Hepatobiliary disorders.",42,194
C1CC(C1)CN2CCC34C5C(CCC3(C2CC6=C4C(=C(C=C6)O)O5)O)O,"This molecule contains a cyclohexane ring, an ether linkage, a phenol group, and a tertiary amine, in which the phenol group may be the most influential for causing Hepatobiliary disorders.",44,151
CCN1C=C(C(=O)C2=C1N=C(C=C2)C)C(=O)O,"This molecule contains amine, ester, ketone, and pyridine functional groups, in which pyridine may be the most influential for causing Hepatobiliary disorders.",37,141
C=C1CCC2(C3CC4=C5C2(C1OC5=C(C=C4)O)CCN3CC6CC6)O,"This molecule contains an ether, a phenol, a tertiary amine, and a cyclohexane ring, in which the tertiary amine may be the most influential for causing Hepatobiliary disorders.",42,146
C=CCN1CCC23C4C(=O)CCC2(C1CC5=C3C(=C(C=C5)O)O4)O,"This molecule contains an alkene, an ether, a ketone, and a tertiary amine functional groups, in which the ketone may be the most influential for causing Hepatobiliary disorders.",40,149
C1CC1CN2CCC34C5C(=O)CCC3(C2CC6=C4C(=C(C=C6)O)O5)O,"This molecule contains a cyclohexene ring, an ether linkage, a phenol group, and a ketone group, in which the phenol group may be the most influential for causing Hepatobiliary disorders.",44,150
CCCCCCCCCC(=O)OC1CCC2C1(CCC3C2CCC4=CC(=O)CCC34)C,"This molecule contains a cyclohexane ring, a decanoate ester, a ketone, and a steroid nucleus, in which the decanoate ester may be the most influential for causing Hepatobiliary disorders.",47,144
C1CN=C(N1)CC2=CC=CC3=CC=CC=C32,"This molecule contains a cyclohexene, imidazole, phenyl, and pyridine functional groups, in which imidazole may be the most influential for causing Hepatobiliary disorders.",41,133
CNS(=O)(=O)CCC1=CC2=C(C=C1)NC=C2C3CCN(CC3)C,"This molecule contains an amide, an aromatic ring, an ether, and a piperidine ring, in which the amide may be the most influential for causing Hepatobiliary disorders.",39,142
CC(C)C1CCC(CC1)C(=O)NC(CC2=CC=CC=C2)C(=O)O,"This molecule contains an amide, a benzene ring, a carboxylic acid, and a cyclohexane ring, in which the carboxylic acid may be the most influential for causing Hepatobiliary disorders.",48,143
CCC1=NN(C(=O)N1CCOC2=CC=CC=C2)CCCN3CCN(CC3)C4=CC(=CC=C4)Cl,"This molecule contains amide, aryl halide, ether, and triazole functional groups, in which amide may be the most influential for causing Hepatobiliary disorders.",36,153
CN1CCOC(C2=CC=CC=C2C1)C3=CC=CC=C3,"This molecule contains an ether, a piperidine, and two phenyl rings, in which the piperidine may be the most influential for causing Hepatobiliary disorders.",36,136
CC1=C(C=CC=C1O)C(=O)NC(CSC2=CC=CC=C2)C(CN3CC4CCCCC4CC3C(=O)NC(C)(C)C)O,"This molecule contains amide, aryl halide, ether, and phenol functional groups, in which amide may be the most influential for causing Hepatobiliary disorders.",36,163
C1C(C(C(C(C1N)OC2C(C(C(C(O2)CN)O)O)N)OC3C(C(C(O3)CO)OC4C(C(C(C(O4)CN)O)O)N)O)O)N,"This molecule contains amine, ether, hemiacetal, and hydroxyl functional groups, in which amine may be the most influential for causing Hepatobiliary disorders.",36,172
COC(=O)C=CC(=O)O,"This molecule contains an ester, a ketone, an alkene, and a carboxylic acid functional groups, in which the carboxylic acid may be the most influential for causing Hepatobiliary disorders.",46,127
CN(C)C(=O)OC1=CC=CC(=C1)[N+](C)(C)C,"This molecule contains an amide, an ester, an aromatic ring, and a tertiary amine functional groups, in which the amide may be the most influential for causing Hepatobiliary disorders.",41,140
CC1=C2C(=NC=C1)N(C3=C(C=CC=N3)C(=O)N2)C4CC4,"This molecule contains an amide, an imidazole ring, a pyridine ring, and a piperidine ring, in which the amide may be the most influential for causing Hepatobiliary disorders.",44,146
CC1=C(C(C(=C(N1)C)C(=O)OCC[NH+](C)CC2=CC=CC=C2)C3=CC(=CC=C3)[N+](=O)[O-])C(=O)OC,"This molecule contains an amide, an ester, a nitro group, and a tertiary amine, in which the nitro group may be the most influential for causing Hepatobiliary disorders.",41,173
CC1=C(C(C(=C(N1)C)C(=O)OC)C2=CC=CC=C2[N+](=O)[O-])C(=O)OC,"This molecule contains an ester, a ketone, a nitro group, and a pyridine ring, in which the pyridine ring may be the most influential for causing Hepatobiliary disorders.",43,156
CC1(C(=O)N(C(=O)N1)C2=CC(=C(C=C2)[N+](=O)[O-])C(F)(F)F)C,"This molecule contains an amide, an aromatic ring, a nitro group, and a trifluoromethyl group, in which the nitro group may be the most influential for causing Hepatobiliary disorders.",44,157
C1=NC2=C(N1[C@H]3[C@H]([C@@H]([C@H](O3)CO)O)F)N=C(N=C2N)Cl,"This molecule contains a chloro group, a fluorine substituent, a hydroxyl group, and a pyrimidine ring, in which the chloro group may be the most influential for causing Hepatobiliary disorders.",46,157
C1[C@@H]2C[C@@H]2N([C@@H]1C#N)C(=O)[C@H](C34C[C@H]5C[C@@H](C3)CC(C5)(C4)O)N.C(=O)(C(F)(F)F)O,"This molecule contains a cyano group, an ester group, a lactone ring, and a trifluoromethoxy group, in which the ester group may be the most influential for causing Hepatobiliary disorders.",47,185
CC1=C(C(C(=C(N1)C)C(=O)OC(C)C)C2=CC(=CC=C2)[N+](=O)[O-])C(=O)OCCOC,"This molecule contains an ester, ketone, nitro, and pyridine functional groups, in which the pyridine may be the most influential for causing Hepatobiliary disorders.",39,163
CC1=C(C(C(=C(N1)C)C(=O)OCC(C)C)C2=CC=CC=C2[N+](=O)[O-])C(=O)OC,"This molecule contains an ester, ketone, nitro, and phenyl functional groups, in which the nitro may be the most influential for causing Hepatobiliary disorders.",37,160
C1=CC(=CC=C1C(=O)NCCC(=O)O)N/N=C/2\C=CC(=O)C(=C2)C(=O)O,"This molecule contains amide, aromatic ring, carboxylic acid, and imine functional groups, in which the aromatic ring may be the most influential for causing Hepatobiliary disorders.",39,159
C1C(=O)NC2=C(C=C(C=C2)[N+](=O)[O-])C(=N1)C3=CC=CC=C3,"This molecule contains an amide, an aromatic ring, a nitro group, and a pyrimidine ring, in which the amide may be the most influential for causing Hepatobiliary disorders.",41,152
C1C(=O)NC(=O)N1N=CC2=CC=C(O2)[N+](=O)[O-],"This molecule contains an amide, an imidazole ring, a nitro group, and a pyridine ring, in which the nitro group may be the most influential for causing Hepatobiliary disorders.",44,146
C(C(CO[N+](=O)[O-])O[N+](=O)[O-])O[N+](=O)[O-],"This molecule contains alcohols, ethers, nitrate esters, and primary carbons, in which nitrate esters may be the most influential for causing Hepatobiliary disorders.",38,146
CNC(=C[N+](=O)[O-])NCCSCC1=CSC(=N1)CN(C)C,"This molecule contains an amine, a nitroso group, a thioether, and a thiazole ring, in which the nitroso group may be the most influential for causing Hepatobiliary disorders.",45,142
CN\1C=CC=C/C1=C\[NH+]=O,"This molecule contains a cyano group, an iminium group, a pyridine ring, and a vinyl group, in which the iminium group may be the most influential for causing Hepatobiliary disorders.",43,128
CC1(C(NC(S1)C(C(=O)NCCCCCC(=O)O)NC(=O)CC2=CC=CC=C2)C(=O)O)C,"This molecule contains amide, aromatic ring, carboxylic acid, and thiazolidine functional groups, in which thiazolidine may be the most influential for causing Hepatobiliary disorders.",42,157
CC12CCC3C(C1CCC2(C#C)O)CCC4=CC(=O)CCC34,"This molecule contains an alkyne, an ether, a ketone, and a tertiary alcohol functional groups, in which the ketone may be the most influential for causing Hepatobiliary disorders.",40,138
CCN1C=C(C(=O)C2=CC(=C(C=C21)N3CCNCC3)F)C(=O)O,"This molecule contains amide, aromatic ring, ether, and fluoro substituent functional groups, in which amide may be the most influential for causing Hepatobiliary disorders.",36,149
CCC12CCC3C(C1CCC2(C#C)O)CCC4=CC(=O)CCC34,"This molecule contains an alkyne, a cyclohexanol, a ketone, and a tetrahydronaphthalene ring system, in which the ketone may be the most influential for causing Hepatobiliary disorders.",49,138
CNCCC=C1C2=CC=CC=C2CCC3=CC=CC=C31,"This molecule contains a cyano group, phenyl groups, and an alkene, in which the cyano group may be the most influential for causing Hepatobiliary disorders.",36,133
CCOC1=C(C=CC(=C1)CC(=O)NC(CC(C)C)C2=CC=CC=C2N3CCCCC3)C(=O)O,"This molecule contains an ester, ether, ketone, and secondary amine functional groups, in which the ester may be the most influential for causing Hepatobiliary disorders.",37,156
C1[C@H](CN2[C@@H]1C(=O)N[C@H](C(=O)N[C@@H](C(=O)N[C@H](C(=O)N[C@H](C(=O)N[C@H](C2=O)CC3=CC=CC=C3)CC4=CC=C(C=C4)OCC5=CC=CC=C5)CCCCN)CC6=CNC7=CC=CC=C76)C8=CC=CC=C8)OC(=O)NCCN,"This molecule contains amide, aromatic ring, ester, and ether functional groups, in which amide may be the most influential for causing Hepatobiliary disorders.",34,241
C1=CC=C(C=C1)CCCC(=O)OCC(COC(=O)CCCC2=CC=CC=C2)OC(=O)CCCC3=CC=CC=C3,"This molecule contains aromatic rings, ester groups, ether linkages, and an aliphatic chain, in which ester groups may be the most influential for causing Hepatobiliary disorders.",39,157
CC1C=CC=CCCC=CC=CC=CC=CC(CC2C(C(CC(O2)(CC(C(CCC(CC(CC(CC(=O)OC(C(C1O)C)C)O)O)O)O)O)O)O)C(=O)O)OC3C(C(C(C(O3)C)O)N)O,"This molecule contains ester, ether, hydroxyl, and ketone functional groups, in which ester may be the most influential for causing Hepatobiliary disorders.",35,194
CC(=C(C#N)C(=O)NC1=CC=C(C=C1)C(F)(F)F)O,"This molecule contains an alkyne, an amide, an aromatic ring, and an ester functional groups, in which the amide may be the most influential for causing Hepatobiliary disorders.",41,143
CC1(C2C(C3C(C(=O)C(=C(N)[O-])C(=O)C3(C(=O)C2=C(C4=C1C=CC=C4O)O)O)N(C)C)O)O.CC1(C2C(C3C(C(=O)C(=C(N)[O-])C(=O)C3(C(=O)C2=C(C4=C1C=CC=C4O)O)O)N(C)C)O)O.[Ca+2],"This molecule contains carboxylate groups, ester linkages, phenolic rings, and tertiary amines, in which carboxylate groups may be the most influential for causing Hepatobiliary disorders.",44,239
CC1=CC(=C(C=C1)SC2=CC=CC=C2N3CCNCC3)C,"This molecule contains benzene rings, ether, sulfide, and tertiary amine functional groups, in which sulfide may be the most influential for causing Hepatobiliary disorders.",36,140
CC1COC2=C3N1C=C(C(=O)C3=CC(=C2N4CCN(CC4)C)F)C(=O)O,"This molecule contains amide, ether, fluorobenzene, and piperazine functional groups, in which amide may be the most influential for causing Hepatobiliary disorders.",37,154
CC1=CC2=C(NC3=CC=CC=C3N=C2S1)N4CCN(CC4)C,"This molecule contains an amine, an aromatic ring, a sulfonamide, and a thiazole ring, in which the sulfonamide may be the most influential for causing Hepatobiliary disorders.",42,142
C1=CC=C(C=C1)NS(=O)(=O)C2=CC=CC(=C2)/C=C/C(=O)NO,"This molecule contains an alkene, an aniline, a nitroso group, and a sulfonamide functional group, in which the sulfonamide may be the most influential for causing Hepatobiliary disorders.",44,149
CC1=CN=C(C(=C1OC)C)CS(=O)C2=NC3=C(N2)C=C(C=C3)OC,"This molecule contains an ether, a sulfone, a thioether, and a triazole functional group, in which the sulfone may be the most influential for causing Hepatobiliary disorders.",40,148
CC1=NC=CN1CC2CCC3=C(C2=O)C4=CC=CC=C4N3C,"This molecule contains a benzene ring, a lactam, a pyridine ring, and a piperidine ring, in which the lactam may be the most influential for causing Hepatobiliary disorders.",43,141
CCCCCCCCCCCC(CC1C(C(=O)O1)CCCCCC)OC(=O)C(CC(C)C)NC=O,"This molecule contains an ester, a lactone, a tertiary amide, and a ketone functional groups, in which the lactone may be the most influential for causing Hepatobiliary disorders.",41,144
CC1=CC=CC=C1C(C2=CC=CC=C2)OCCN(C)C,"This molecule contains an aromatic ring, ether, secondary amine, and tertiary amine functional groups, in which the tertiary amine may be the most influential for causing Hepatobiliary disorders.",39,137
CCC(CC)OC1C=C(CC(C1NC(=O)C)N)C(=O)OCC,"This molecule contains amide, ether, ester, and secondary amine functional groups, in which amide may be the most influential for causing Hepatobiliary disorders.",35,139
C1=CC=NC(=C1)NS(=O)(=O)C2=CC=C(C=C2)N/N=C/3\C=CC(=O)C(=C3)C(=O)O,"This molecule contains an amide, an azo compound, a benzene ring, and a sulfonamide functional group, in which the azo compound may be the most influential for causing Hepatobiliary disorders.",44,165
CC1=C(C(=NO1)C2=CC=CC=C2)C(=O)NC3C4N(C3=O)C(C(S4)(C)C)C(=O)[O-],"This molecule contains an amide, an ester, a lactam, and a thioether functional groups, in which the lactam may be the most influential for causing Hepatobiliary disorders.",41,163
C1CCC(C(C1)[NH-])[NH-].C(=O)(C(=O)O)O.[Pt+2],"This molecule contains a cyclohexane ring, two amide groups, a carboxylate group, and a platinum coordination complex, in which the platinum coordination complex may be the most influential for causing Hepatobiliary disorders.",47,144
CCNC1CC(S(=O)(=O)C2=C1C=C(S2)S(=O)(=O)N)C,"This molecule contains amine, ether, sulfonamide, and thioether functional groups, in which sulfonamide may be the most influential for causing Hepatobiliary disorders.",37,145
C1=CC=C(C=C1)C2=C(OC(=N2)CCC(=O)O)C3=CC=CC=C3,"This molecule contains amide, aromatic rings, ester, and ether functional groups, in which amide may be the most influential for causing Hepatobiliary disorders.",34,147
C1=CC=C(C=C1)C2=NC(C(=O)NC3=C2C=C(C=C3)Cl)O,"This molecule contains amide, aromatic rings, chlorobenzene, and hydroxyl functional groups, in which chlorobenzene may be the most influential for causing Hepatobiliary disorders.",40,144
C/C=C(/C)\C(=O)O[C@H]1C(=C[C@@]23[C@@]1([C@@H](C(=C[C@H](C2=O)[C@H]4[C@H](C4(C)C)C[C@H]3C)CO)O)O)C,"This molecule contains an alkene, an ester, a hemiketal, and a tertiary alcohol functional groups, in which the ester may be the most influential for causing Hepatobiliary disorders.",41,190
C1=CC(=C(C=C1Cl)Cl)CON=C(CN2C=CN=C2)C3=C(C=C(C=C3)Cl)Cl,"This molecule contains amide, chlorobenzene, imine, and pyrimidine functional groups, in which chlorobenzene may be the most influential for causing Hepatobiliary disorders.",40,150
CCCCN(CCCC)CCC(C1=C2C=CC(=CC2=C3C=C(C=C(C3=C1)Cl)Cl)C(F)(F)F)O.Cl,"This molecule contains an amine, an ether, a halogenated aromatic ring, and a trifluoromethyl group, in which the halogenated aromatic ring may be the most influential for causing Hepatobiliary disorders.",47,154
CC(C)NCC(COC1=CC=CC=C1OCC=C)O,"This molecule contains an ether, a secondary amine, an aromatic ring, and an alcohol functional group, in which the aromatic ring may be the most influential for causing Hepatobiliary disorders.",39,132
CCN(CC)CC#CCOC(=O)C(C1CCCCC1)(C2=CC=CC=C2)O,"This molecule contains an alkyne, an ether, an ester, and a tertiary alcohol functional groups, in which the ester may be the most influential for causing Hepatobiliary disorders.",40,142
CN1CCC23C4C(=O)CCC2(C1CC5=C3C(=C(C=C5)OC)O4)O,"This molecule contains an ether, a ketone, a phenol, and a tertiary alcohol functional groups, in which the ketone may be the most influential for causing Hepatobiliary disorders.",39,146
CC12CCC3C(C1CCC2(C)O)CCC4C3(CC(=CO)C(=O)C4)C,"This molecule contains an aldehyde, an ether, a ketone, and a tertiary alcohol functional groups, in which the aldehyde may be the most influential for causing Hepatobiliary disorders.",39,144
CN1CCC23C4C(=O)CCC2(C1CC5=C3C(=C(C=C5)O)O4)O,"This molecule contains a benzene ring, an ether, a ketone, and a tertiary alcohol functional groups, in which the ketone may be the most influential for causing Hepatobiliary disorders.",40,146
C1=CC(=C(C=C1N)O)C(=O)O,"This molecule contains an amine, a benzene ring, a carboxylic acid, and a phenol functional group, in which the carboxylic acid may be the most influential for causing Hepatobiliary disorders.",47,133
CCCS(=O)(=O)NC1=C(C(=C(C=C1)F)C(=O)C2=CNC3=NC=C(C=C23)C4=CC=C(C=C4)Cl)F,"This molecule contains amide, aromatic rings, sulfonamide, and trifluoromethyl groups, in which sulfonamide may be the most influential for causing Hepatobiliary disorders.",39,164
CC1=C2C(C(=O)C3(C(CC4C(C3C(C(C2(C)C)(CC1OC(=O)C(C(C5=CC=CC=C5)NC(=O)C6=CC=CC=C6)O)O)OC(=O)C7=CC=CC=C7)(CO4)OC(=O)C)O)C)OC(=O)C,"This molecule contains aromatic rings, ester groups, ketone groups, and secondary amides, in which aromatic rings may be the most influential for causing Hepatobiliary disorders.",36,209
C(CN)C(O)(P(=O)(O)[O-])P(=O)(O)[O-].[Na+].[Na+],"This molecule contains cyano, hydroxyl, phosphate, and sodium cation functional groups, in which phosphate may be the most influential for causing Hepatobiliary disorders.",35,145
CC(=O)OC1CC2CCC3C(C2(CC1[N+]4(CCCCC4)C)C)CCC5(C3CC(C5OC(=O)C)[N+]6(CCCCC6)C)C,"This molecule contains ester, ketone, quaternary ammonium, and tertiary carbon groups, in which quaternary ammonium may be the most influential for causing Hepatobiliary disorders.",40,164
CC(C)(CO)C(C(=O)NCCCO)O,"This molecule contains an amide, an ether, a hydroxyl, and a tertiary carbon group, in which the amide may be the most influential for causing Hepatobiliary disorders.",39,129
COC1=C(C(=NC=C1)CS(=O)C2=NC3=C(N2)C=C(C=C3)OC(F)F)OC,"This molecule contains an ether, fluorine substituents, a sulfone, and a triazole ring, in which the sulfone may be the most influential for causing Hepatobiliary disorders.",40,150
COC1=C(C=C(C=C1)CC2=NC=CC3=CC(=C(C=C32)OC)OC)OC,"This molecule contains ether, methoxy, phenyl, and pyridine functional groups, in which pyridine may be the most influential for causing Hepatobiliary disorders.",36,144
C1C(C(C(C(C1N)OC2C(C(C(C(O2)CO)O)O)N)OC3C(C(C(O3)CO)OC4C(C(C(C(O4)CN)O)O)N)O)O)N,"This molecule contains amine, ether, hemiacetal, and hydroxyl functional groups, in which amine may be the most influential for causing Hepatobiliary disorders.",36,172
C1CNCC(C1C2=CC=C(C=C2)F)COC3=CC4=C(C=C3)OCO4,"This molecule contains an ether, a fluorobenzene, a piperidine, and a tetrahydrofuran functional groups, in which the piperidine may be the most influential for causing Hepatobiliary disorders.",46,144
CCN(CC)C1=CC=C(C=C1)C(=C2C=CC(=[N+](CC)CC)C=C2)C3=C(C=CC(=C3)S(=O)(=O)O)S(=O)(=O)O,"This molecule contains an aromatic ring, a sulfonate group, a tertiary amine, and a vinyl group, in which the sulfonate group may be the most influential for causing Hepatobiliary disorders.",43,177
C(=O)([O-])[O-].[Na+].[Na+],"This molecule contains carboxylate, ether, ion, and peroxide functional groups, in which carboxylate may be the most influential for causing Hepatobiliary disorders.",37,130
CC1=CN(C(=O)NC1=O)[C@H]2C[C@@H]([C@H](O2)CO)N=[N+]=[N-].C1[C@H](O[C@H](S1)CO)N2C=CC(=NC2=O)N,"This molecule contains an amide, a cyano group, a furanose ring, and a triazole ring, in which the amide may be the most influential for causing Hepatobiliary disorders.",42,184
COC1=CC=CC=C1OCC(CO)O,"This molecule contains an ether, a phenyl ring, a primary alcohol, and a secondary alcohol functional groups, in which the phenyl ring may be the most influential for causing Hepatobiliary disorders.",41,128
CC(C)(C)NCC(COC1=CC=CC=C1C2CCCC2)O,"This molecule contains an amine, an ether, a phenyl ring, and a cyclohexyl ring, in which the amine may be the most influential for causing Hepatobiliary disorders.",41,135
C1=NC2=C(N1CCC(CO)CO)NC(=NC2=O)N,"This molecule contains amide, hydroxyl, imidazole, and triazole functional groups, in which imidazole may be the most influential for causing Hepatobiliary disorders.",38,136
CC(C)(C(C(=O)O)N)S,"This molecule contains an amide, carboxylic acid, sulfide, and tertiary carbon groups, in which the carboxylic acid may be the most influential for causing Hepatobiliary disorders.",42,127
CC1(C(N2C(S1)C(C2=O)NC(=O)COC3=CC=CC=C3)C(=O)[O-])C,"This molecule contains an amide, an ester, a thiazolidine ring, and a phenyl ring, in which the thiazolidine ring may be the most influential for causing Hepatobiliary disorders.",45,152
C1=CC(=CC=C1C(=N)N)OCCCCCOC2=CC=C(C=C2)C(=N)N,"This molecule contains aniline, ether, imine, and phenyl functional groups, in which imine may be the most influential for causing Hepatobiliary disorders.",34,147
CC1C2CC3=C(C1(CCN2CC=C(C)C)C)C=C(C=C3)O,"This molecule contains an alkene, an ether, a secondary amine, and a tertiary carbon center, in which the ether may be the most influential for causing Hepatobiliary disorders.",38,140
CCCC(C)C1(C(=O)NC(=O)NC1=O)CC,"This molecule contains an amide, a ketone, a secondary amine, and a tertiary carbon, in which the amide may be the most influential for causing Hepatobiliary disorders.",39,135
C1C(C(OC1N2C=NC3=C2NC=NCC3O)CO)O,"This molecule contains an ether, hydroxyl, imidazole, and pyrrolidine functional groups, in which imidazole may be the most influential for causing Hepatobiliary disorders.",40,137
CC(=O)CCCCN1C(=O)C2=C(N=CN2C)N(C1=O)C,"This molecule contains amide, cyano, ketone, and pyrimidine functional groups, in which cyano may be the most influential for causing Hepatobiliary disorders.",36,142
C1=C/C(=C/2\N/C(=C\3/C=CC=CC3=O)/N(N2)C4=CC=C(C=C4)C(=O)O)/C(=O)C=C1,"This molecule contains a benzene ring, a carboxylic acid group, a ketone group, and a pyrrole ring, in which the carboxylic acid group may be the most influential for causing Hepatobiliary disorders.",50,167
CCCN1CC(CC2C1CC3=CNC4=CC=CC2=C34)CSC,"This molecule contains an alkane, an amine, a thioether, and a tricyclic compound, in which the tricyclic compound may be the most influential for causing Hepatobiliary disorders.",45,136
C1CCC(CC1)C(CC2CCCCN2)C3CCCCC3,"This molecule contains cyclohexane, cycloheptane, piperidine, and propyl groups, in which piperidine may be the most influential for causing Hepatobiliary disorders.",41,131
C1CN(CCC1O)CCCN2C3=CC=CC=C3SC4=C2C=C(C=C4)C#N,"This molecule contains a cyclohexanol, nitrile, thienyl, and triazole functional groups, in which the nitrile may be the most influential for causing Hepatobiliary disorders.",42,145
C1CN(CCN1CCCN2C3=CC=CC=C3SC4=C2C=C(C=C4)Cl)CCO,"This molecule contains an ether, a piperazine, a thioether, and a chlorophenyl group, in which the piperazine may be the most influential for causing Hepatobiliary disorders.",43,144
C1=CC=C(C=C1)N=NC2=C(N=C(C=C2)N)N,"This molecule contains an amine, an azo compound, and two benzene rings, in which the azo compound may be the most influential for causing Hepatobiliary disorders.",37,136
CCC1(C(=O)NC(=O)NC1=O)C2=CC=CC=C2,"This molecule contains amide, aromatic ring, ketone, and urea functional groups, in which the amide may be the most influential for causing Hepatobiliary disorders.",36,138
CC(COC1=CC=CC=C1)N(CCCl)CC2=CC=CC=C2,"This molecule contains an aromatic ring, chloroalkane, ether, and secondary amine functional groups, in which chloroalkane may be the most influential for causing Hepatobiliary disorders.",40,137
CC(C)(CC1=CC=CC=C1)N,"This molecule contains an alkane, an amine, and an aromatic ring functional groups, in which the aromatic ring may be the most influential for causing Hepatobiliary disorders.",36,126
C1=CC=C(C=C1)CCCC(=O)O,"This molecule contains an aromatic ring, a carboxylic acid group, and an alkyl chain functional groups, in which the carboxylic acid group may be the most influential for causing Hepatobiliary disorders.",45,128
CC(C)(C)C1=NC(=C(S1)C2=NC(=NC=C2)N)C3=C(C(=CC=C3)NS(=O)(=O)C4=C(C=CC=C4F)F)F,"This molecule contains an aryl sulfonamide, fluorobenzene, methyl groups, and triazole rings, in which the aryl sulfonamide may be the most influential for causing hepatobiliary disorders.",43,171
CNCC(C1=CC(=CC=C1)O)O,"This molecule contains an amine, an ether, an hydroxyl, and a phenyl ring functional groups, in which the phenyl ring may be the most influential for causing Hepatobiliary disorders.",42,128
C=CC1=CC=CC=C1S(=O)(=O)O,"This molecule contains an alkene, an aromatic ring, and a sulfonic acid group, in which the sulfonic acid group may be the most influential for causing Hepatobiliary disorders.",38,132
CC(C(C1=CC=CC=C1)O)N,"This molecule contains an amine, an aromatic ring, an ether, and a secondary alcohol functional groups, in which the aromatic ring may be the most influential for causing Hepatobiliary disorders.",39,127
C=CC(=O)N1CCCC(C1)N2C3=C(C(=N2)C4=CC=C(C=C4)OC5=CC=CC=C5)C(=NC=N3)N,"This molecule contains amide, aromatic rings, imidazole, and ketone functional groups, in which the imidazole may be the most influential for causing Hepatobiliary disorders.",38,163
CC1=NC(=C(C(=N1)Cl)NC2=NCCN2)OC,"This molecule contains an amine, chloro, ether, and triazole functional groups, in which chloro may be the most influential for causing Hepatobiliary disorders.",35,136
CC12CCN(C1N(C3=C2C=C(C=C3)OC(=O)NC)C)C,"This molecule contains an amide, an ether, a piperidine ring, and a substituted benzene ring, in which the amide may be the most influential for causing Hepatobiliary disorders.",41,140
CC1=C(C(=O)C2=CC=CC=C2C1=O)CC=C(C)CCCC(C)CCCC(C)CCCC(C)C,"This molecule contains alkene, aromatic ring, ketone, and long hydrocarbon chains functional groups, in which ketone may be the most influential for causing Hepatobiliary disorders.",37,148
CCC1C(COC1=O)CC2=CN=CN2C,"This molecule contains a cyclohexanone, ether, imidazole, and methyl groups, in which cyclohexanone may be the most influential for causing Hepatobiliary disorders.",40,130
C=CCN.C1C(O1)CCl,"This molecule contains an alkene, an ether, a halide, and an amine functional groups, in which the halide may be the most influential for causing Hepatobiliary disorders.",39,125
CC(C)NCC(COC1=CC=CC2=C1C=CN2)O,"This molecule contains an amine, an ether, a hydroxyl group, and a benzodiazepine ring system, in which the benzodiazepine ring system may be the most influential for causing Hepatobiliary disorders.",49,134
CCC1=CN=C(C=C1)CCOC2=CC=C(C=C2)CC3C(=O)NC(=O)S3,"This molecule contains an amide, an ether, a thiazolidinedione, and a tri-substituted benzene functional groups, in which the thiazolidinedione may be the most influential for causing Hepatobiliary disorders.",49,146
CCN1CCN(C(=O)C1=O)C(=O)NC(C2=CC=CC=C2)C(=O)NC3C4N(C3=O)C(C(S4)(C)C)C(=O)[O-],"This molecule contains amide, aromatic ring, ester, and thiazolidine functional groups, in which thiazolidine may be the most influential for causing Hepatobiliary disorders.",39,175
COCCOC1=C(C=C2C(=C1)C(=NC=N2)NC3=CC=CC(=C3)C#C)OCCOC,"This molecule contains an amine, an ether, a phenyl ring, and a triazole ring, in which the triazole ring may be the most influential for causing Hepatobiliary disorders.",40,152
CC(C)(C)NCC(C1=NC(=C(C=C1)O)CO)O,"This molecule contains an amine, an ether, a hydroxyl, and a phenol functional groups, in which the phenol may be the most influential for causing Hepatobiliary disorders.",40,136
CC1=C(C2=CC3=NC(=CC4=C(C(=C(N4)C=C5[C@@]6([C@@H](C(=CC=C6C(=N5)C=C1N2)C(=O)OC)C(=O)OC)C)C)CCC(=O)OC)C(=C3C)CCC(=O)O)C=C,"This molecule contains amide, ester, imine, and pyridine functional groups, in which imine may be the most influential for causing Hepatobiliary disorders.",36,206
COC1=CC(=CC(=C1OC)OC)C2C3C(COC3=O)C(C4=CC5=C(C=C24)OCO5)O,"This molecule contains an ether, a ketone, a phenol, and a furan functional group, in which the ketone may be the most influential for causing Hepatobiliary disorders.",39,156
CCC(C)CCCCC(=O)NC(CCN)C(=O)NC(C(C)O)C(=O)NC(CCN)C(=O)NC1CCNC(=O)C(NC(=O)C(NC(=O)C(NC(=O)C(NC(=O)C(NC(=O)C(NC1=O)CCN)CC2=CC=CC=C2)CC(C)C)CCN)CCN)C(C)O,"This molecule contains amide, aromatic ring, ether, and hydrocarbon chain functional groups, in which amide may be the most influential for causing Hepatobiliary disorders.",35,228
CN1C(NC2=CC(=C(C=C2S1(=O)=O)S(=O)(=O)N)Cl)CSCC(F)(F)F,"This molecule contains an amine, a benzene ring, a sulfonamide, and a trifluoromethyl group, in which the sulfonamide may be the most influential for causing Hepatobiliary disorders.",45,155
CCCCCCCCCCCCCCCC(=O)N[C@@H](CCC(=O)NCCCC[C@@H](C(=O)N[C@@H](CCC(=O)O)C(=O)N[C@@H](CC1=CC=CC=C1)C(=O)N[C@@H]([C@@H](C)CC)C(=O)N[C@@H](C)C(=O)N[C@@H](CC2=CNC3=CC=CC=C32)C(=O)N[C@@H](CC(C)C)C(=O)N[C@@H](C(C)C)C(=O)N[C@@H](CCCNC(=N)N)C(=O)NCC(=O)N[C@@H](CCCNC(=N)N)C(=O)NCC(=O)O)NC(=O)[C@H](C)NC(=O)[C@H](C)NC(=O)[C@H](CCC(=O)N)NC(=O)CNC(=O)[C@H](CCC(=O)O)NC(=O)[C@H](CC(C)C)NC(=O)[C@H](CC4=CC=C(C=C4)O)NC(=O)[C@H](CO)NC(=O)[C@H](CO)NC(=O)[C@H](C(C)C)NC(=O)[C@H](CC(=O)O)NC(=O)[C@H](CO)NC(=O)[C@H]([C@@H](C)O)NC(=O)[C@H](CC5=CC=CC=C5)NC(=O)[C@H]([C@@H](C)O)NC(=O)CNC(=O)[C@H](CCC(=O)O)NC(=O)[C@H](C)NC(=O)[C@H](CC6=CN=CN6)N)C(=O)O,"This molecule contains amide, aromatic, carboxylic acid, and guanidino functional groups, in which aromatic may be the most influential for causing Hepatobiliary disorders.",38,581
CCCNC1CCC2=C(C1)SC(=N2)N,"This molecule contains an alkane chain, an amine, a thiazole, and a secondary amine functional groups, in which the thiazole may be the most influential for causing Hepatobiliary disorders.",44,129
CCC(C)C(=O)OC1CC(C=C2C1C(C(C=C2)C)CCC(CC(CC(=O)O)O)O)O,"This molecule contains an ester, a ketone, several hydroxyl groups, and multiple cyclohexene rings, in which the ester may be the most influential for causing Hepatobiliary disorders.",43,151
C1CCC(CC1)C(=O)N2CC3C4=CC=CC=C4CCN3C(=O)C2,"This molecule contains amide, aromatic ring, cyclohexane, and piperidine functional groups, in which amide may be the most influential for causing Hepatobiliary disorders.",38,146
COC1=C(C=C2C(=C1)C(=NC(=N2)N3CCN(CC3)C(=O)C4=CC=CO4)N)OC,"This molecule contains an amide, an ether, an imidazole ring, and a piperazine ring, in which the imidazole ring may be the most influential for causing Hepatobiliary disorders.",43,158
CC12CC(C3C(C1CCC2(C(=O)CO)O)CCC4=CC(=O)C=CC34C)O,"This molecule contains an aliphatic hydroxyl group, a cyclohexene ring, a ketone group, and a tertiary alcohol, in which the ketone group may be the most influential for causing Hepatobiliary disorders.",48,147
CC(=O)OCC(=O)C1(CCC2C1(CC(C3C2CCC4=CC(=O)C=CC34C)O)C)O,"This molecule contains a cyclohexane ring, an ester group, a ketone group, and a tertiary alcohol, in which the ester group may be the most influential for causing Hepatobiliary disorders.",44,155
CC12CC(C3C(C1CCC2(C(=O)COP(=O)(O)O)O)CCC4=CC(=O)C=CC34C)O,"This molecule contains an ester, a ketone, a phosphate group, and a tertiary alcohol functional groups, in which the phosphate group may be the most influential for causing Hepatobiliary disorders.",40,155
CC12CC(=O)C3C(C1CCC2(C(=O)CO)O)CCC4=CC(=O)C=CC34C,"This molecule contains cyclohexane rings, cyclopentane rings, ester groups, and ketone groups, in which ester groups may be the most influential for causing Hepatobiliary disorders.",42,149
CCCNC(C)C(=O)NC1=CC=CC=C1C,"This molecule contains an amide, an aromatic ring, an ether, and a primary amine functional groups, in which the amide may be the most influential for causing Hepatobiliary disorders.",40,131
CC(CCCN)NC1=C2C(=CC(=C1)OC)C=CC=N2,"This molecule contains an amine, an ether, an imine, and a phenyl ring, in which the imine may be the most influential for causing Hepatobiliary disorders.",38,138
CCC1(C(=O)NCNC1=O)C2=CC=CC=C2,"This molecule contains amide, aromatic ring, ketone, and secondary amine functional groups, in which amide may be the most influential for causing Hepatobiliary disorders.",36,134
CCCN(CCC)S(=O)(=O)C1=CC=C(C=C1)C(=O)O,"This molecule contains an amine, an aromatic ring, a carboxylic acid, and a sulfonamide functional groups, in which the sulfonamide may be the most influential for causing Hepatobiliary disorders.",45,141
CCN(CC)CCNC(=O)C1=CC=C(C=C1)N,"This molecule contains amine, amide, aromatic ring, and secondary amine functional groups, in which amide may be the most influential for causing Hepatobiliary disorders.",36,133
CCN(CC)CCOC(=O)C1=CC=C(C=C1)N,"This molecule contains amine, aromatic ring, ether, and ketone functional groups, in which the aromatic ring may be the most influential for causing Hepatobiliary disorders.",35,133
CC(C)NC(=O)C1=CC=C(C=C1)CNNC,"This molecule contains an amide, an aromatic ring, a tertiary amine, and an ethyl group, in which the amide may be the most influential for causing Hepatobiliary disorders.",40,132
CN1CCN(CC1)CCCN2C3=CC=CC=C3SC4=C2C=C(C=C4)Cl,"This molecule contains a chlorobenzene ring, a piperazine ring, a thienyl ring, and a tertiary amine, in which the tertiary amine may be the most influential for causing Hepatobiliary disorders.",47,142
CC1=C(C(=NO1)C2=CC=CC=C2)C3=CC=C(C=C3)S(=O)(=O)N,"This molecule contains a benzene ring, a nitroso group, a sulfonamide group, and a thiophene ring, in which the sulfonamide group may be the most influential for causing Hepatobiliary disorders.",47,149
CC(=O)C1CCC2C1(CCC3C2CCC4=CC(=O)CCC34C)C,"This molecule contains cyclohexane rings, cyclopentane rings, a ketone, and an alkyl chain, in which the ketone may be the most influential for causing Hepatobiliary disorders.",43,142
CC(C)N=C(N)N=C(N)NC1=CC=C(C=C1)Cl,"This molecule contains amine, aromatic ring, chlorobenzene, and guanidine functional groups, in which chlorobenzene may be the most influential for causing Hepatobiliary disorders.",40,134
CC(CN1C2=CC=CC=C2SC3=CC=CC=C31)N(C)C,"This molecule contains an amine, an aromatic ring, a thioether, and a tertiary amine functional groups, in which the tertiary amine may be the most influential for causing Hepatobiliary disorders.",43,138
CCCNCC(COC1=CC=CC=C1C(=O)CCC2=CC=CC=C2)O,"This molecule contains an amine, an ether, a phenyl group, and two benzene rings, in which the amine may be the most influential for causing Hepatobiliary disorders.",39,140
CC(C)[N+](C)(CCOC(=O)C1C2=CC=CC=C2OC3=CC=CC=C13)C(C)C,"This molecule contains an amine, an ester, an ether, and a phenyl ring, in which the amine may be the most influential for causing Hepatobiliary disorders.",38,150
CCCOC1=C(C=C(C=C1)C(=O)OCCN(CC)CC)N,"This molecule contains an amine, an ester, an ether, and a phenyl ring, in which the ester may be the most influential for causing Hepatobiliary disorders.",38,136
CC(C)C1=C(C(=CC=C1)C(C)C)O,"This molecule contains an alkene, an aromatic ring, an isopropyl group, and a phenol functional group, in which the phenol may be the most influential for causing Hepatobiliary disorders.",43,132
CC(C)NCC(COC1=CC=CC2=CC=CC=C21)O,"This molecule contains an amine, an ether, a phenyl group, and a secondary alcohol functional groups, in which the amine may be the most influential for causing Hepatobiliary disorders.",40,134
C1[C@H]([C@@H]([C@H]([C@@H](O1)O[C@@H]2CO[C@H]([C@@H]([C@H]2OS(=O)(=O)O)OS(=O)(=O)O)O)OS(=O)(=O)O)OS(=O)(=O)O)O,"This molecule contains acetal, ether, hemiacetal, and sulfate functional groups, in which sulfate may be the most influential for causing Hepatobiliary disorders.",33,202
C[C@@H]1[C@H]2[C@@H]([C@H]3[C@@H](C(=O)C(=C(N)[O-])C(=O)[C@]3(C(=O)C2=C(C4=C1C=CC=C4[O-])[O-])O)N(C)C)[O-].[Ca+2].[Ca+2],"This molecule contains a carboxylate group, a ketone group, an amide group, and a phenolate group, in which the carboxylate group may be the most influential for causing Hepatobiliary disorders.",47,203
C[C@@H]1CCN(CCN1C(=O)C2=C(C=CC(=C2)C)N3N=CC=N3)C4=NC5=C(O4)C=CC(=C5)Cl,"This molecule contains an amide, a benzene ring, a chlorophenyl group, and a triazole ring, in which the amide may be the most influential for causing Hepatobiliary disorders.",43,168
CNCCCC1C2=CC=CC=C2C=CC3=CC=CC=C13,"This molecule contains a cyano group, an ethyl chain, and two phenyl rings, in which the cyano group may be the most influential for causing Hepatobiliary disorders.",38,134
C1C[N+]2(CCC1[C@@H](C2)OC(=O)C(C3=CC=CS3)(C4=CC=CS4)O)CCCOC5=CC=CC=C5,"This molecule contains an ester, ether, quaternary ammonium, and thiophene rings, in which the quaternary ammonium may be the most influential for causing Hepatobiliary disorders.",42,162
CN1CCCN=C1C=CC2=CC=CS2,"This molecule contains an amine, a nitrile, a thiophene, and a vinyl group, in which the nitrile may be the most influential for causing Hepatobiliary disorders.",41,128
C[N+]1=CC=CC(=C1)OC(=O)N(C)C,"This molecule contains an amide, an aromatic ring, an ether, and a quaternary ammonium functional group, in which the quaternary ammonium may be the most influential for causing Hepatobiliary disorders.",45,135
CN(C)CCN(CC1=CC=C(C=C1)OC)C2=CC=CC=N2,"This molecule contains an amine, an ether, an aromatic ring, and a nitrile functional group, in which the nitrile may be the most influential for causing Hepatobiliary disorders.",41,137
CCC1=C(C(=NC(=N1)N)N)C2=CC=C(C=C2)Cl,"This molecule contains a chlorobenzene ring, a pyrimidine ring, two amino groups, and a chlorine substituent, in which the chlorobenzene ring may be the most influential for causing Hepatobiliary disorders.",47,139
C1C(=S)N(C2=C(C=C(C=C2)Cl)C(=N1)C3=CC=CC=C3F)CC(F)(F)F,"This molecule contains a benzene ring, a chlorobenzene ring, a fluorobenzene ring, and a thiazole ring, in which the thiazole ring may be the most influential for causing Hepatobiliary disorders.",49,154
C1CN(CCN1CCOCCO)C2=NC3=CC=CC=C3SC4=CC=CC=C42,"This molecule contains amine, ether, thiazole, and triazole functional groups, in which thiazole may be the most influential for causing Hepatobiliary disorders.",36,143
CCOC(=O)C(CCC1=CC=CC=C1)NC(C)C(=O)N2CC3=CC=CC=C3CC2C(=O)O,"This molecule contains an amide, an ester, an ether, and a phenyl ring, in which the amide may be the most influential for causing Hepatobiliary disorders.",38,156
CC1=CC(=C(C(=C1NC(=O)CN(CC(=O)O)CC(=O)O)C)Br)C,"This molecule contains amide, bromobenzene, carboxylic acid, and ether functional groups, in which bromobenzene may be the most influential for causing Hepatobiliary disorders.",41,150
CC(C(=O)[O-])O.[NH4+],"This molecule contains an ammonium ion, a carboxylate group, an ether linkage, and a methyl group, in which the carboxylate group may be the most influential for causing Hepatobiliary disorders.",45,127
CCNC(=O)CCCC=CC[C@H]1[C@H](C[C@H]([C@@H]1C=C[C@H](CCC2=CC=CC=C2)O)O)O,"This molecule contains an amide, an aromatic ring, multiple hydroxyl groups, and several olefins, in which the amide may be the most influential for causing Hepatobiliary disorders.",41,162
CC(C(C1=CC=CC=C1)O)NC,"This molecule contains an amine, an aromatic ring, an ether, and a secondary alcohol functional groups, in which the aromatic ring may be the most influential for causing Hepatobiliary disorders.",39,127
C1CCN(CC1)CCOC2=CC=C(C=C2)C(=O)C3=C(SC4=C3C=CC(=C4)O)C5=CC=C(C=C5)O,"This molecule contains an ether, a ketone, phenols, and a thioether functional groups, in which the ketone may be the most influential for causing Hepatobiliary disorders.",39,162
CCOC(=O)C(CCC1=CC=CC=C1)NC(C)C(=O)N2C3CCCC3CC2C(=O)O,"This molecule contains an amide, an ester, an ether, and a phenyl ring, in which the amide may be the most influential for causing Hepatobiliary disorders.",38,152
CNC(=C[N+](=O)[O-])NCCSCC1=CC=C(O1)CN(C)C,"This molecule contains an amine, an ether, a nitroso group, and a thioether functional groups, in which the nitroso group may be the most influential for causing Hepatobiliary disorders.",44,141
CC1CCC2CC(C(=CC=CC=CC(CC(C(=O)C(C(C(=CC(C(=O)CC(OC(=O)C3CCCCN3C(=O)C(=O)C1(O2)O)C(C)CC4CCC(C(C4)OC)O)C)C)O)OC)C)C)C)OC,"This molecule contains ester, ether, ketone, and tertiary amine functional groups, in which ketone may be the most influential for causing Hepatobiliary disorders.",35,201
CC1=C(C=C(C=C1)NC2=NC=CC(=N2)N(C)C3=CC4=NN(C(=C4C=C3)C)C)S(=O)(=O)N,"This molecule contains amine, aromatic rings, sulfonamide, and triazole functional groups, in which sulfonamide may be the most influential for causing Hepatobiliary disorders.",37,165
COC1C(CC2CN3CCC4=C(C3CC2C1C(=O)OC)NC5=C4C=CC(=C5)OC)OC(=O)C=CC6=CC(=C(C(=C6)OC)OC)OC,"This molecule contains alkoxy groups, aromatic rings, ester groups, and secondary amines, in which ester groups may be the most influential for causing Hepatobiliary disorders.",39,176
COC1C(CC2CN3CCC4=C(C3CC2C1C(=O)OC)NC5=C4C=CC(=C5)OC)OC(=O)C6=CC(=C(C(=C6)OC)OC)OC,"This molecule contains ester, ether, phenyl, and tertiary amine functional groups, in which ester may be the most influential for causing Hepatobiliary disorders.",35,174
C1=NC(=NN1C2C(C(C(O2)CO)O)O)C(=O)N,"This molecule contains an amide, an oxazole, a pyrimidine, and a tetrahydrofuran functional group, in which the pyrimidine may be the most influential for causing Hepatobiliary disorders.",45,141
C1=CC2=C(C=C1OC(F)(F)F)SC(=N2)N,"This molecule contains an ether, a fluorocarbon, a thiazole, and a primary amine functional groups, in which the fluorocarbon may be the most influential for causing Hepatobiliary disorders.",43,136
CC(C12CC3CC(C1)CC(C3)C2)N,"This molecule contains an amine, cyclohexane, and methyl functional groups, in which the amine may be the most influential for causing Hepatobiliary disorders.",35,130
CC1=C(C(=O)N2CCCCC2=N1)CCN3CCC(CC3)C4=NOC5=C4C=CC(=C5)F,"This molecule contains an amide, a fluorobenzene, a piperazine, and a pyrrole functional group, in which the amide may be the most influential for causing Hepatobiliary disorders.",44,152
CC(C)C1=NC(=CS1)CN(C)C(=O)NC(C(C)C)C(=O)NC(CC2=CC=CC=C2)CC(C(CC3=CC=CC=C3)NC(=O)OCC4=CN=CS4)O,"This molecule contains amide, aromatic ring, ether, and thioamide functional groups, in which thioamide may be the most influential for causing Hepatobiliary disorders.",36,180
CCN(C)C(=O)OC1=CC=CC(=C1)C(C)N(C)C,"This molecule contains an amine, an aromatic ring, an ester, and a ketone functional groups, in which the aromatic ring may be the most influential for causing Hepatobiliary disorders.",40,140
CN(C)CCC1=CNC2=C1C=C(C=C2)CN3C=NC=N3,"This molecule contains amine, aromatic rings, imidazole, and nitrile functional groups, in which nitrile may be the most influential for causing Hepatobiliary disorders.",38,136
C(=O)([O-])[O-].C(=O)([O-])[O-].C(=O)([O-])[O-].[La+3].[La+3],"This molecule contains carboxylate groups, lanthanum cations, and oxygen atoms, in which carboxylate groups may be the most influential for causing Hepatobiliary disorders.",39,157
CS(=O)(=O)C1=CC=C(C=C1)C2=C(C(=O)OC2)C3=CC=CC=C3,"This molecule contains an aromatic ring, carboxylic acid ester, ketone, and sulfone functional groups, in which the sulfone may be the most influential for causing Hepatobiliary disorders.",42,149
CCCN(CCC)CCC1=C2CC(=O)NC2=CC=C1,"This molecule contains an amine, an aromatic ring, a ketone, and a secondary amine functional groups, in which the ketone may be the most influential for causing Hepatobiliary disorders.",41,133
CC1=C(C2=CC3=C(C(=C([N-]3)C=C4C(=C(C(=N4)C=C5C(=C(C(=N5)C=C1[N-]2)C=C)C)C=C)C)C)CCC(=O)O)CCC(=O)O.[Cl-].[Fe+3],"This molecule contains carboxylate, chloro, imine, and pyrrole functional groups, in which chloro may be the most influential for causing Hepatobiliary disorders.",38,199
CCC1C(C(C(C(=NOCOCCOC)C(CC(C(C(C(C(C(=O)O1)C)OC2CC(C(C(O2)C)O)(C)OC)C)OC3C(C(CC(O3)C)N(C)C)O)(C)O)C)C)O)(C)O,"This molecule contains ester, ether, hydroxyl, and N-methyl carbamate functional groups, in which N-methyl carbamate may be the most influential for causing Hepatobiliary disorders.",41,191
CN1C2=C(C=C(C=C2)Cl)C(=NC(C1=O)O)C3=CC=CC=C3Cl,"This molecule contains amide, chlorobenzene, keto, and pyridine functional groups, in which chlorobenzene may be the most influential for causing Hepatobiliary disorders.",39,146
COCCOC(=O)NCCCC[C@@H](C(=O)NCCCCCCCOP(=O)(C)O)NC(=O)OCCOC,"This molecule contains amide, ester, ether, and phosphoester functional groups, in which the phosphoester may be the most influential for causing Hepatobiliary disorders.",37,151
CCC(=O)NS(=O)(=O)C1=CC=C(C=C1)C2=C(ON=C2C3=CC=CC=C3)C,"This molecule contains an amide, aniline, benzisoxazole, and sulfonyl functional groups, in which the sulfonyl may be the most influential for causing Hepatobiliary disorders.",41,152
C[C@@H](CN1C=NC2=C1N=CN=C2N)OCP(=O)(OCOC(=O)OC(C)C)OCOC(=O)OC(C)C,"This molecule contains an alkyl chain, an ester, a phosphate group, and a purine ring, in which the phosphate group may be the most influential for causing Hepatobiliary disorders.",40,160
CC[C@@]1(C[C@H]2C[C@@](C3=C(CCN(C2)C1)C4=CC=CC=C4N3)(C5=C(C=C6C(=C5)[C@]78CCN9[C@H]7[C@@](C=CC9)([C@H]([C@@]([C@@H]8N6C)(C(=O)OC)O)OC(=O)C)CC)OC)C(=O)OC)O,"This molecule contains amide, ether, ester, and tertiary amine functional groups, in which the tertiary amine may be the most influential for causing Hepatobiliary disorders.",37,229
C1=CC=C(C=C1)CCCCOCCCCCCNCC(C2=CC(=C(C=C2)O)CO)O,"This molecule contains an amine, an ether, phenol, and a secondary alcohol functional groups, in which the amine may be the most influential for causing Hepatobiliary disorders.",38,143
CC1=CN(C(=O)NC1=O)C2C=CC(O2)CO,"This molecule contains an amide, a furan, a hydroxyl group, and a pyrimidine ring, in which the amide may be the most influential for causing Hepatobiliary disorders.",42,136
C1=CC=C(C(=C1)C(=O)OC2=CC=CC=C2C(=O)O)O,"This molecule contains an ester group, a phenol group, two ketone groups, and two benzene rings, in which the phenol group may be the most influential for causing Hepatobiliary disorders.",43,145
C[C@H]1[C@H](O1)P(=O)(O)[O-].C(C(CO)(CO)[NH3+])O,"This molecule contains an aliphatic hydroxyl group, an ether linkage, a phosphate group, and a primary ammonium group, in which the phosphate group may be the most influential for causing Hepatobiliary disorders.",45,148
CN1C2CC(CC1C3C2O3)OC(=O)C(CO)C4=CC=CC=C4,"This molecule contains an ester, ether, phenyl ring, and tertiary alcohol functional groups, in which the ester may be the most influential for causing Hepatobiliary disorders.",37,144
CCCC(C)C1(C(=O)NC(=O)NC1=O)CC=C,"This molecule contains an alkene, amide, ketone, and a tertiary carbon center functional groups, in which the amide may be the most influential for causing Hepatobiliary disorders.",39,136
CC(CC1=CC=CC=C1)N(C)CC#C,"This molecule contains an alkene, an aromatic ring, a nitrile, and a tertiary amine functional groups, in which the nitrile may be the most influential for causing Hepatobiliary disorders.",43,129
CNC1CCC(C2=CC=CC=C12)C3=CC(=C(C=C3)Cl)Cl,"This molecule contains an amine, an aromatic ring, a chlorobenzene, and a cyclohexene functional groups, in which the chlorobenzene may be the most influential for causing Hepatobiliary disorders.",46,139
C(OC(C(F)(F)F)C(F)(F)F)F,"This molecule contains an ether, a fluoroalkane, and a tertiary carbon, in which the fluoroalkane may be the most influential for causing Hepatobiliary disorders.",37,131
CC(C)CC(C1(CCC1)C2=CC=C(C=C2)Cl)N(C)C,"This molecule contains an alkyl chain, a cyclohexane ring, a phenyl ring, and a chloro substituent, in which the chloro substituent may be the most influential for causing Hepatobiliary disorders.",47,138
CCCC1=NN(C2=C1NC(=NC2=O)C3=C(C=CC(=C3)S(=O)(=O)N4CCN(CC4)C)OCC)C,"This molecule contains an amide, an ether, a sulfonamide, and a triazole ring, in which the sulfonamide may be the most influential for causing Hepatobiliary disorders.",40,162
C1=CN=C(N=C1)[NH2+]S(=[OH+])(=O)C2=CC=C(C=C2)N.[Ag+],"This molecule contains an amine, an aromatic ring, a diazonium group, and a sulfonate group, in which the diazonium group may be the most influential for causing Hepatobiliary disorders.",44,147
C1=CN=C(N=C1)NS(=O)(=O)C2=CC=C(C=C2)N,"This molecule contains an amine, an aromatic ring, a sulfonamide, and a triazole ring, in which the sulfonamide may be the most influential for causing Hepatobiliary disorders.",41,140
C[C@H]([C@@H](CO)NC(=O)C1CSSCC(C(=O)NC(C(=O)NC(C(=O)NC(C(=O)NC(C(=O)N1)C(C)O)CCCCN)CC2=CNC3=CC=CC=C32)CC4=CC=CC=C4)NC(=O)C(CC5=CC=CC=C5)N)O.CC(=O)O.CC(=O)O,"This molecule contains amide, aromatic ring, ester, and thioether functional groups, in which amide may be the most influential for causing Hepatobiliary disorders.",36,227
C1=CC=C(C=C1)C(=O)SCC(=O)NCC(=O)NCC(=O)NCC(=O)O,"This molecule contains amide, aromatic ring, carboxylic acid, and thioester functional groups, in which thioester may be the most influential for causing Hepatobiliary disorders.",40,152
[Na+].[I-],"This molecule contains halide, ionic, metal, and monatomic ion functional groups, in which ionic may be the most influential for causing Hepatobiliary disorders.",35,120
C1=CC(=CN=C1)CC(O)(P(=O)(O)O)P(=O)(O)O,"This molecule contains an aromatic ring, hydroxyl group, phosphonic acid groups, and a vinyl group, in which the phosphonic acid groups may be the most influential for causing Hepatobiliary disorders.",42,143
CCCCCCCCCCCCCCOS(=O)(=O)O,"This molecule contains an alkyl chain, ether, and sulfonate functional groups, in which sulfonate may be the most influential for causing Hepatobiliary disorders.",35,127
CC(C)NCC(C1=CC=C(C=C1)NS(=O)(=O)C)O,"This molecule contains an amine, an ether, an aromatic ring, and a sulfonamide functional group, in which the sulfonamide may be the most influential for causing Hepatobiliary disorders.",41,138
CC1CN(CC(N1)C)C2=C(C3=C(C(=C2F)N)C(=O)C(=CN3C4CC4)C(=O)O)F,"This molecule contains amide, ether, fluorobenzene, and piperidine functional groups, in which amide may be the most influential for causing Hepatobiliary disorders.",37,160
CC1=C(C=C(C=C1)C(=O)NC2=CC(=CC(=C2)N3C=C(N=C3)C)C(F)(F)F)NC4=NC=CC(=N4)C5=CN=CC=C5,"This molecule contains amide, aryl halide, imidazole, and pyrimidine functional groups, in which aryl halide may be the most influential for causing Hepatobiliary disorders.",41,175
CC(=O)SC1CC2=CC(=O)CCC2(C3C1C4CCC5(C4(CC3)C)CCC(=O)O5)C,"This molecule contains cyclohexane rings, ester groups, a thioether, and a ketone functional group, in which the ester groups may be the most influential for causing Hepatobiliary disorders.",44,154
C1CC(N(C1)C(=O)C(CC2=CN=CN2)NC(=O)C3CCC(=O)N3)C(=O)N,"This molecule contains amide, azole, lactam, and pyrimidine functional groups, in which azole may be the most influential for causing Hepatobiliary disorders.",36,155
CC1=C(C=C(C=C1)NC(=O)C2=CC=C(C=C2)CN3CCN(CC3)C)NC4=NC=CC(=N4)C5=CN=CC=C5,"This molecule contains amide, amine, aromatic rings, and imidazole functional groups, in which amide may be the most influential for causing Hepatobiliary disorders.",36,164
CC1C(C(C(O1)OC2C(C(C(C(C2O)O)N=C(N)N)O)N=C(N)N)OC3C(C(C(C(O3)CO)O)O)NC)(C=O)O,"This molecule contains acetal, amide, guanidine, and hemiacetal functional groups, in which guanidine may be the most influential for causing Hepatobiliary disorders.",38,169
C1CCC(C1)C(CC#N)N2C=C(C=N2)C3=C4C=CNC4=NC=N3,"This molecule contains a cyclohexane ring, nitrile group, pyrimidine ring, and triazole ring, in which the nitrile group may be the most influential for causing Hepatobiliary disorders.",45,144
CN(C(=O)NC1C(C(C(OC1O)CO)O)O)N=O,"This molecule contains an amide, an ether, a hydroxyl, and a nitroso functional group, in which the nitroso may be the most influential for causing Hepatobiliary disorders.",42,138
CCC(C)(C)C(=O)O[C@H]1C[C@H](C=C2[C@H]1[C@H]([C@H](C=C2)C)CC[C@@H]3C[C@H](CC(=O)O3)O)C,"This molecule contains a cyclohexene, ester, ketone, and tertiary butyl groups, in which the ester may be the most influential for causing Hepatobiliary disorders.",39,179
C1=CC=C(C=C1)NC(=O)CCCCCCC(=O)NO,"This molecule contains an amide, an aromatic ring, a nitroso group, and a secondary amine functional groups, in which the amide may be the most influential for causing Hepatobiliary disorders.",43,134
C[N+](C)(C)CCOC(=O)CCC(=O)OCC[N+](C)(C)C,"This molecule contains ester, ether, quaternary ammonium, and tertiary amine functional groups, in which quaternary ammonium may be the most influential for causing Hepatobiliary disorders.",41,142
C1=CC(=CC=C1CSC(CN2C=CN=C2)C3=C(C=C(C=C3)Cl)Cl)Cl,"This molecule contains a benzothiazole, chlorobenzene, thioether, and triazole functional groups, in which the benzothiazole may be the most influential for causing Hepatobiliary disorders.",44,147
CC(=O)NS(=O)(=O)C1=CC=C(C=C1)N,"This molecule contains an amide, an aromatic ring, a sulfonamide, and a secondary amine functional groups, in which the sulfonamide may be the most influential for causing Hepatobiliary disorders.",43,136
CC1=CC(=NO1)NS(=O)(=O)C2=CC=C(C=C2)N,"This molecule contains an aromatic ring, isoxazole, sulfonamide, and secondary amine functional groups, in which sulfonamide may be the most influential for causing Hepatobiliary disorders.",40,140
C1=CC(=CC=C1N)S(=O)(=O)N,"This molecule contains an aniline, a benzene ring, a sulfonamide, and a sulfone functional groups, in which the sulfonamide may be the most influential for causing Hepatobiliary disorders.",43,133
COCCCN1CCC(CC1)NC(=O)C2=CC(=C(C3=C2OCC3)N)Cl,"This molecule contains an amide, a benzene ring, a chlorophenyl group, and an oxetane ring, in which the amide may be the most influential for causing Hepatobiliary disorders.",44,144
CC1=C(C2=C(C1=CC3=CC=C(C=C3)S(=O)C)C=CC(=C2)F)CC(=O)O,"This molecule contains a benzene ring, a carboxylic acid group, a fluoro substituent, and a sulfone group, in which the carboxylic acid group may be the most influential for causing Hepatobiliary disorders.",50,154
CNS(=O)(=O)CC1=CC2=C(C=C1)NC=C2CCN(C)C,"This molecule contains an amine, an ether, a sulfonamide, and a tertiary amine functional groups, in which the sulfonamide may be the most influential for causing Hepatobiliary disorders.",42,139
CC(C1=CC=C(C=C1)C(=O)C2=CC=CS2)C(=O)O,"This molecule contains an aromatic ring, carboxylic acid, ketone, and thiophene ring functional groups, in which the carboxylic acid may be the most influential for causing Hepatobiliary disorders.",45,142
CC1CC(C2C(CC(C(O2)(C(=O)C(=O)N3CCCCC3C(=O)OC(C(C(CC(=O)C(C=C(C1)C)CC=C)O)C)C(=CC4CCC(C(C4)OC)O)C)O)C)OC)OC,"This molecule contains ester, ether, ketone, and secondary amine functional groups, in which ketone may be the most influential for causing Hepatobiliary disorders.",35,190
CCC(=C(C1=CC=CC=C1)C2=CC=C(C=C2)OCCN(C)C)C3=CC=CC=C3,"This molecule contains an alkene, an ether, a tertiary amine, and a phenyl group, in which the tertiary amine may be the most influential for causing Hepatobiliary disorders.",40,150
CC1CN(CCN1)C2=C(C=C3C(=C2OC)N(C=C(C3=O)C(=O)O)C4CC4)F,"This molecule contains an ester, a fluoroarene, a piperidine, and a tertiary amine functional groups, in which the ester may be the most influential for causing Hepatobiliary disorders.",44,154
CCOC(=O)C1=CN=C(C=C1)C#CC2=CC3=C(C=C2)SCCC3(C)C,"This molecule contains an alkoxy group, an ester group, an ethynyl group, and a thioether group, in which the ester group may be the most influential for causing Hepatobiliary disorders.",46,146
CN1C2=C(C=C(C=C2)Cl)C(=NC(C1=O)O)C3=CC=CC=C3,"This molecule contains an amide, a benzene ring, a chlorobenzene, and a pyridone functional group, in which the chlorobenzene may be the most influential for causing Hepatobiliary disorders.",46,145
CCCCCCCC(=O)NC(CN1CCCC1)C(C2=CC3=C(C=C2)OCCO3)O,"This molecule contains an amide, an ether, a phenol, and a piperidine functional groups, in which the amide may be the most influential for causing Hepatobiliary disorders.",40,144
CN1C(=O)N2C=NC(=C2N=N1)C(=O)N,"This molecule contains amide, azo, imidazole, and triazole functional groups, in which azo may be the most influential for causing Hepatobiliary disorders.",36,139
COCC1=C(N2C(C(C2=O)NC(=O)C(=NOC)C3=CSC(=N3)N)SC1)C(=O)O,"This molecule contains amide, ester, thiazole, and thiourea functional groups, in which the thiourea may be the most influential for causing Hepatobiliary disorders.",39,157
COC1=CC(=CC(=C1O)OC)C2C3C(COC3=O)C(C4=CC5=C(C=C24)OCO5)OC6C(C(C7C(O6)COC(O7)C8=CC=CS8)O)O,"This molecule contains benzene rings, ethers, esters, and thiophenes, in which ethers may be the most influential for causing Hepatobiliary disorders.",33,181
CC1=C2[C@@H](C(=O)[C@@]3([C@H](C[C@@H]4[C@]([C@H]3[C@@H]([C@@](C2(C)C)(C[C@@H]1OC(=O)[C@@H]([C@H](C5=CC=CC=C5)NC(=O)OC(C)(C)C)O)O)OC(=O)C6=CC=CC=C6)(CO4)OC(=O)C)OC)C)OC,"This molecule contains aromatic rings, ester groups, ketone groups, and tertiary alcohols, in which ketone groups may be the most influential for causing Hepatobiliary disorders.",38,238
COC1=C(C=C2C(=C1)C(=NC(=N2)N3CCN(CC3)C(=O)C4CCCO4)N)OC,"This molecule contains an amide, an ether, a piperazine, and a triazole functional group, in which the amide may be the most influential for causing Hepatobiliary disorders.",40,156
CC(C)(C)C#CC=CCN(C)CC1=CC=CC2=CC=CC=C21,"This molecule contains an alkyne, an amine, an aromatic ring, and an alkene functional groups, in which the aromatic ring may be the most influential for causing Hepatobiliary disorders.",41,139
CC(C)(C)NCC(C1=CC(=CC(=C1)O)O)O,"This molecule contains amine, aromatic ring, ether, and hydroxyl functional groups, in which aromatic ring may be the most influential for causing Hepatobiliary disorders.",35,137
CC(C)N1CCN(CC1)C2=CC=C(C=C2)OCC3COC(O3)(CN4C=NC=N4)C5=C(C=C(C=C5)Cl)Cl,"This molecule contains an ether, halobenzene, piperazine, and triazole functional groups, in which halobenzene may be the most influential for causing Hepatobiliary disorders.",40,160
CC12CCC3C(C1CCC(=O)O2)CCC4=CC(=O)C=CC34C,"This molecule contains cyclohexane rings, cyclopentane rings, ketone groups, and an ester group, in which ketone groups may be the most influential for causing Hepatobiliary disorders.",43,141
CC12CCC3C(C1CCC2O)CCC4=CC(=O)CCC34C,"This molecule contains a cyclohexanol, cyclohexene, ketone, and tertiary carbon groups, in which the ketone may be the most influential for causing Hepatobiliary disorders.",40,135
CCCCCCC(=O)OC1CCC2C1(CCC3C2CCC4=CC(=O)CCC34C)C,"This molecule contains a carbonyl group, an ether linkage, a cyclohexane ring, and a cyclopentane ring, in which the carbonyl group may be the most influential for causing Hepatobiliary disorders.",48,143
CCC(=O)OC1CCC2C1(CCC3C2CCC4=CC(=O)CCC34C)C,"This molecule contains a cyclohexane ring, a ketone, a tetrahydrofuran ring, and an ester functional group, in which the ketone may be the most influential for causing Hepatobiliary disorders.",47,142
CCCCNC1=CC=C(C=C1)C(=O)OCCN(C)C,"This molecule contains an amide, an aromatic ring, an ether, and a tertiary amine functional groups, in which the amide may be the most influential for causing Hepatobiliary disorders.",40,135
CCC(=O)OCC(=O)[C@]1([C@H](C[C@@H]2[C@@]1(C[C@@H]([C@]3([C@H]2CCC4=CC(=O)C=C[C@@]43C)F)O)C)C)OC(=O)CC,"This molecule contains an ester, a ketone, an alkene, and a tertiary alcohol functional groups, in which the ketone may be the most influential for causing Hepatobiliary disorders.",40,189
C1CC(C2=CC=CC=C2C1)C3=NCCN3,"This molecule contains a benzene ring, a cyclohexane ring, an imine, and a secondary amine functional groups, in which the imine may be the most influential for causing Hepatobiliary disorders.",45,133
C1CC(=O)NC(=O)C1N2C(=O)C3=CC=CC=C3C2=O,"This molecule contains amide, aromatic ring, ketone, and lactam functional groups, in which the aromatic ring may be the most influential for causing Hepatobiliary disorders.",36,146
C1=CC=C2C(=C1)NC(=N2)C3=CSC=N3,"This molecule contains an amine, an aromatic ring, an imine, and a thioether functional groups, in which the imine may be the most influential for causing Hepatobiliary disorders.",41,137
C1[C@H](CN2[C@@H]1C(=O)NC(C(=O)N[C@@H](C(=O)N[C@H](C(=O)N[C@H](C(=O)N[C@H](C2=O)CC3=CC=CC=C3)CC4=CC=C(C=C4)OCC5=CC=CC=C5)CCCCN)CC6=CNC7=CC=CC=C76)C8=CC=CC=C8)OC(=O)NCCN.C([C@@H](C(=O)O)N)C(=O)O.C([C@@H](C(=O)O)N)C(=O)O,"This molecule contains amide, aromatic ring, ester, and indole functional groups, in which amide may be the most influential for causing Hepatobiliary disorders.",35,279
CN1CCCCC1CCN2C3=CC=CC=C3SC4=C2C=C(C=C4)SC,"This molecule contains amines, aryl halides, thioethers, and thiophenes, in which aryl halides may be the most influential for causing Hepatobiliary disorders.",41,140
C1CN1P(=S)(N2CC2)N3CC3,"This molecule contains aziridine, phosphorothioate, piperidine, and pyrrolidine functional groups, in which phosphorothioate may be the most influential for causing Hepatobiliary disorders.",45,131
CN1CCN(CC1)CCC=C2C3=CC=CC=C3SC4=C2C=C(C=C4)S(=O)(=O)N(C)C,"This molecule contains an alkene, amines, thioethers, and sulfonamide functional groups, in which sulfonamide may be the most influential for causing Hepatobiliary disorders.",41,153
CC1=C(SC=C1)C(=CCCN2CCCC(C2)C(=O)O)C3=C(C=CS3)C,"This molecule contains alkene, ether, thioether, and carboxylic acid functional groups, in which carboxylic acid may be the most influential for causing Hepatobiliary disorders.",41,146
CC(C1=CC=C(S1)C(=O)C2=CC=CC=C2)C(=O)O,"This molecule contains a benzene ring, carboxylic acid, ketone, and thiophene ring functional groups, in which the carboxylic acid may be the most influential for causing Hepatobiliary disorders.",46,142
CC1CC2=C(CCC(=O)C2)C3C1C4CCC(C4(CC3)C)(C#C)O,"This molecule contains an alkyne, a cyclohexane, a ketone, and a tertiary alcohol functional groups, in which the ketone may be the most influential for causing Hepatobiliary disorders.",43,146
C1C(O1)CCl.C(CNCCNCCNCCN)N,"This molecule contains an ether, a chloroalkane, a primary amine, and a secondary amine functional groups, in which the chloroalkane may be the most influential for causing Hepatobiliary disorders.",45,132
CCC(C)C1C(=O)NC(C(=O)NC(C(=O)NC(CSSCC(C(=O)NC(C(=O)N1)CC2=CC=C(C=C2)O)N)C(=O)N3CCCC3C(=O)NC(CC(C)C)C(=O)NCC(=O)N)CC(=O)N)C(C)O,"This molecule contains amide, aromatic ring, ester, and thioether functional groups, in which amide may be the most influential for causing Hepatobiliary disorders.",36,210
CC(C)(C)NCC(COC1=NSN=C1N2CCOCC2)O,"This molecule contains amine, ether, oxetane, and triazole functional groups, in which triazole may be the most influential for causing Hepatobiliary disorders.",35,136
CCS(=O)(=O)CCN1C(=NC=C1[N+](=O)[O-])C,"This molecule contains an amine, an azo group, a sulfone, and a thioether functional groups, in which the azo group may be the most influential for causing Hepatobiliary disorders.",43,140
CC(C(=O)NCC(=O)O)S,"This molecule contains amide, carboxylic acid, sulfide, and thioether functional groups, in which sulfide may be the most influential for causing Hepatobiliary disorders.",39,128
CCCCS(=O)(=O)NC(CC1=CC=C(C=C1)OCCCCC2CCNCC2)C(=O)O,"This molecule contains amide, aryl hydroxyl, ether, and sulfone functional groups, in which sulfone may be the most influential for causing Hepatobiliary disorders.",37,147
C1CN=C(N1)NC2=C(C=CC3=NSN=C32)Cl,"This molecule contains a chlorobenzene, imidazole, pyrimidine, and triazole functional groups, in which chlorobenzene may be the most influential for causing Hepatobiliary disorders.",42,134
C[C@]12CCC3[C@H]([C@@H]1CC[C@@H]2C(=O)NC4=C(C=CC(=C4)C(F)(F)F)C(F)(F)F)CC[C@@H]5[C@@]3(C=CC(=O)N5)C,"This molecule contains amide, aromatic rings, cyclohexane, and trifluoromethyl groups, in which amide may be the most influential for causing Hepatobiliary disorders.",39,187
C1C(C(C(C(C1N)OC2C(C(C(C(O2)CO)O)N)O)O)OC3C(CC(C(O3)CN)O)N)N,"This molecule contains amine, ether, hemiacetal, and hydroxyl functional groups, in which amine may be the most influential for causing Hepatobiliary disorders.",36,157
CC/C=C/CC(=O)N[C@@H](CC1=CC=C(C=C1)O)C(=O)N[C@@H](C)C(=O)N[C@@H](CC(=O)O)C(=O)N[C@@H](C)C(=O)N[C@@H]([C@@H](C)CC)C(=O)N[C@@H](CC2=CC=CC=C2)C(=O)N[C@@H]([C@@H](C)O)C(=O)N[C@@H](CC(=O)N)C(=O)N[C@@H](CO)C(=O)N[C@@H](CC3=CC=C(C=C3)O)C(=O)N[C@@H](CCCNC(=N)N)C(=O)N[C@@H](CCCCN)C(=O)N[C@@H](C(C)C)C(=O)NCC(=O)N[C@@H](CC(C)C)C(=O)N[C@@H](CCC(=O)N)C(=O)N[C@@H](CC(C)C)C(=O)N[C@@H](CO)C(=O)N[C@@H](C)C(=O)N[C@@H](CCCNC(=N)N)C(=O)N[C@@H](CCCCN)C(=O)N[C@@H](CC(C)C)C(=O)N[C@@H](CC(C)C)C(=O)N[C@@H](CCC(=O)N)C(=O)N[C@@H](CC(=O)O)C(=O)N[C@@H]([C@@H](C)CC)C(=O)N[C@@H](CCSC)C(=O)N[C@@H](CO)C(=O)N[C@@H](CCCNC(=N)N)C(=O)N[C@@H](CCC(=O)N)C(=O)NCC(=O)N[C@@H](CCC(=O)N)C(=O)N[C@@H](CCC(=O)O)C(=O)N[C@@H](CO)C(=O)N[C@@H](CC(=O)N)C(=O)N[C@@H](CCC(=O)N)C(=O)N[C@@H](CCC(=O)O)C(=O)N[C@@H](CCCNC(=N)N)C(=O)N[C@@H](C)C(=O)NCC(=O)N[C@@H](CCCNC(=N)N)C(=O)N[C@@H](C)C(=O)N[C@@H](CCCNC(=N)N)C(=O)N[C@@H](CC(C)C)C(=O)N,"This molecule contains amide, aromatic, hydroxyl, and thioether functional groups, in which amide may be the most influential for causing Hepatobiliary disorders.",36,791
CC1=CC=C(C=C1)S(=O)(=O)NC(=O)NN2CCCCCC2,"This molecule contains an amide, an aromatic ring, a sulfonamide, and a tertiary amine functional groups, in which the sulfonamide may be the most influential for causing Hepatobiliary disorders.",43,139
CCCCNC(=O)NS(=O)(=O)C1=CC=C(C=C1)C,"This molecule contains an amide, an aromatic ring, a sulfonamide, and a thioether functional groups, in which the sulfonamide may be the most influential for causing Hepatobiliary disorders.",43,138
C[C@]1(CN2C=C(N=C2O1)[N+](=O)[O-])COC3=CC=C(C=C3)N4CCC(CC4)OC5=CC=C(C=C5)OC(F)(F)F,"This molecule contains an amine, an ether, a nitro group, and a trifluoromethoxy group, in which the nitro group may be the most influential for causing Hepatobiliary disorders.",44,169
CC1=CC=C(C=C1)C(=O)C2=CC=C(N2C)CC(=O)[O-],"This molecule contains an amine, an aromatic ring, a carboxylate, and a ketone functional groups, in which the carboxylate may be the most influential for causing Hepatobiliary disorders.",44,144
CC1=CC(=C(C=C1)O)C(CCN(C(C)C)C(C)C)C2=CC=CC=C2,"This molecule contains an aromatic ring, ether, hydroxyl, and tertiary amine functional groups, in which the tertiary amine may be the most influential for causing Hepatobiliary disorders.",39,147
CC1(OC2COC3(C(C2O1)OC(O3)(C)C)COS(=O)(=O)N)C,"This molecule contains an ether, a sulfonamide, a tetrahydrofuran, and a tetrahydropyran functional groups, in which the sulfonamide may be the most influential for causing Hepatobiliary disorders.",48,147
CCC1(C2=C(COC1=O)C(=O)N3CC4=C(C3=C2)N=C5C=CC(=C(C5=C4)CN(C)C)O)O,"This molecule contains amide, ether, hydroxyl, and imine functional groups, in which amide may be the most influential for causing Hepatobiliary disorders.",35,161
CN(C)CCOC1=CC=C(C=C1)C(=C(CCCl)C2=CC=CC=C2)C3=CC=CC=C3,"This molecule contains an amine, an ether, and two aromatic rings, in which the aromatic rings may be the most influential for causing Hepatobiliary disorders.",33,151
CN(C)CC1CCCCC1(C2=CC(=CC=C2)OC)O,"This molecule contains an amine, an ether, a phenyl ring, and a secondary alcohol functional groups, in which the amine may be the most influential for causing Hepatobiliary disorders.",40,134
C1CCC2=C(C1)C=CC=C2NC3=NCCN3,"This molecule contains an amine, an imine, a naphthalene, and a pyrazole functional groups, in which the naphthalene may be the most influential for causing Hepatobiliary disorders.",45,132
CCOC(=O)C(CCC1=CC=CC=C1)NC(C)C(=O)N2C3CCCCC3CC2C(=O)O,"This molecule contains an amide, an ester, an ether, and a phenyl ring, in which the amide may be the most influential for causing Hepatobiliary disorders.",38,153
C1CC(CCC1CN)C(=O)O,"This molecule contains an amine, a carboxylic acid, a cyclohexane ring, and an ethyl group, in which the carboxylic acid may be the most influential for causing Hepatobiliary disorders.",48,127
C1C(C1N)C2=CC=CC=C2,"This molecule contains an amine, a cyclohexane, and a phenyl group, in which the amine may be the most influential for causing Hepatobiliary disorders.",37,128
C[C@@]1(C2C[C@H]3[C@@H](C(=O)C(=C([C@]3(C(=O)C2=C(C4=C1C=CC=C4O)O)O)O)C(=O)NCNCCCC[C@@H](C(=O)O)N)N(C)C)O,"This molecule contains amide, carboxylic acid, ether, and phenol functional groups, in which carboxylic acid may be the most influential for causing Hepatobiliary disorders.",40,196
C1CN(CCN1CCCN2C(=O)N3C=CC=CC3=N2)C4=CC(=CC=C4)Cl,"This molecule contains an amide, aromatic rings, chlorobenzene, and triazole functional groups, in which chlorobenzene may be the most influential for causing Hepatobiliary disorders.",40,149
CC[C@@H]1[C@@]([C@@H]([C@H](C(=O)[C@@H](C[C@@]([C@@H]([C@H]([C@@H]([C@H](C(=O)O1)C)OC2CC(C(C(O2)C)O)(C)OC)C)OC3C(C(CC(O3)C)N(C)C)O)(C)OC)C)C)O)(C)O,"This molecule contains ester, ether, hydroxyl, and ketone functional groups, in which the ester may be the most influential for causing Hepatobiliary disorders.",36,223
CC1=C(C(CCC1)(C)C)C=CC(=CC=CC(=CC(=O)O)C)C,"This molecule contains alkene, cyclohexane, ketone, and phenyl functional groups, in which ketone may be the most influential for causing Hepatobiliary disorders.",37,145
CC12CC(C3(C(C1CC(C2(C(=O)CO)O)O)CCC4=CC(=O)C=CC43C)F)O,"This molecule contains a cyclohexane ring, an ester group, a phenol group, and a tertiary alcohol, in which the ester group may be the most influential for causing Hepatobiliary disorders.",44,152
CC1=CC(=CC(=C1OC2=NC(=NC(=C2Br)N)NC3=CC=C(C=C3)C#N)C)C#N,"This molecule contains an amine, an ether, a nitrile, and a pyrimidine functional group, in which the nitrile may be the most influential for causing Hepatobiliary disorders.",42,157
CC1=NN=C2N1C3=C(C=C(C=C3)Cl)C(=NC2)C4=CC=CC=C4Cl,"This molecule contains chlorobenzene, imidazole, pyrazine, and vinyl groups, in which chlorobenzene may be the most influential for causing Hepatobiliary disorders.",39,147
C1N2CN3CN1CN(C2)C3.C1=CC=C(C=C1)C(=O)NCC(=O)O,"This molecule contains amide, aromatic ring, carboxylic acid, and triazole functional groups, in which triazole may be the most influential for causing Hepatobiliary disorders.",38,148
C1=CC(=C(C=C1Cl)O)OC2=C(C=C(C=C2)Cl)Cl,"This molecule contains an ether, a hydroxyl group, and three chlorobenzene rings, in which the chlorobenzene rings may be the most influential for causing Hepatobiliary disorders.",41,139
C(CNCCNCCN)N,"This molecule contains amine, carbon chain, and nitrile functional groups, in which nitrile may be the most influential for causing Hepatobiliary disorders.",34,122
CN1CCN(CC1)CCCN2C3=CC=CC=C3SC4=C2C=C(C=C4)C(F)(F)F,"This molecule contains a benzothiophene, a piperazine, a trifluoromethyl group, and a thioether, in which the benzothiophene may be the most influential for causing Hepatobiliary disorders.",50,147
C1CCC(CC1)C(CCN2CCCCC2)(C3=CC=CC=C3)O,"This molecule contains an alcohol, an aromatic ring, an ether, and secondary amines, in which the alcohol may be the most influential for causing Hepatobiliary disorders.",36,137
CC1(C(=O)N(C(=O)O1)C)C,"This molecule contains an amide, a carboxylic acid, a cyclic ester, and a methyl group, in which the cyclic ester may be the most influential for causing Hepatobiliary disorders.",43,132
CN(C)CCOC1=CC=C(C=C1)CNC(=O)C2=CC(=C(C(=C2)OC)OC)OC,"This molecule contains amide, ether, secondary amine, and tertiary amine functional groups, in which amide may be the most influential for causing Hepatobiliary disorders.",36,150
COC1=CC(=CC(=C1OC)OC)CC2=CN=C(N=C2N)N,"This molecule contains an ether group, a methoxy group, a phenyl ring, and a triazole ring, in which the triazole ring may be the most influential for causing Hepatobiliary disorders.",42,140
C[C@@H]1C[C@H]2C3C[C@@H](C4=CC(=O)C=C[C@@]4([C@]3([C@H](C[C@@]2([C@]1(C(=O)SCF)O)C)O)F)C)F,"This molecule contains an alkyl halide, an ether, a thioester, and a vinyl group, in which the thioester may be the most influential for causing Hepatobiliary disorders.",41,185
CC1=C(C=CC2=C1C(=[NH+]C(=N2)N)N)CNC3=CC(=C(C(=C3)OC)OC)OC,"This molecule contains amine, ether, imine, and triazole functional groups, in which imine may be the most influential for causing Hepatobiliary disorders.",34,156
CC(CN1C2=CC=CC=C2CCC3=CC=CC=C31)CN(C)C,"This molecule contains alkyl groups, amine groups, aromatic rings, and tertiary amines, in which tertiary amines may be the most influential for causing Hepatobiliary disorders.",39,138
CC1=C(C(=C2CCC(OC2=C1C)(C)COC3=CC=C(C=C3)CC4C(=O)NC(=O)S4)C)O,"This molecule contains an ether, a ketone, a sulfonamide, and a tetrahydrofuran ring, in which the sulfonamide may be the most influential for causing Hepatobiliary disorders.",43,159
CCN(CC1=CC=NC=C1)C(=O)C(CO)C2=CC=CC=C2,"This molecule contains an amide, an aromatic ring, an ether, and a secondary amine functional groups, in which the amide may be the most influential for causing Hepatobiliary disorders.",40,141
CN1C2CCC1CC(C2)OC(=O)C3=CNC4=CC=CC=C43,"This molecule contains an amide, an ether, an indole, and a piperidine functional group, in which the indole may be the most influential for causing Hepatobiliary disorders.",40,139
C1CC[N+]2(C1)C3CCC2CC(C3)OC(=O)C(C4=CC=CC=C4)(C5=CC=CC=C5)O,"This molecule contains an ester, ether, quaternary ammonium, and two phenyl rings, in which the quaternary ammonium may be the most influential for causing Hepatobiliary disorders.",42,155
CC1=C(C=CN=C1CS(=O)C2=NC3=CC=CC=C3N2)OCCCOC,"This molecule contains an ether, a sulfone, a thiazole, and a triazole functional group, in which the sulfone may be the most influential for causing Hepatobiliary disorders.",40,143
C1CCC(CC1)[C@@H]2C[C@H](N(C2)C(=O)CP(=O)(CCCCC3=CC=CC=C3)O)C(=O)O,"This molecule contains an amide, an aryl group, a carboxylic acid, and a phosphate ester functional groups, in which the phosphate ester may be the most influential for causing Hepatobiliary disorders.",46,161
C1[C@@H]2[C@@H](C2N)CN1C3=C(C=C4C(=O)C(=CN(C4=N3)C5=C(C=C(C=C5)F)F)C(=O)O)F,"This molecule contains amine, cyano, fluoroaromatic, and lactam functional groups, in which cyano may be the most influential for causing Hepatobiliary disorders.",37,171
CCC(=O)O[C@@]1([C@H](C[C@@H]2[C@@]1(C[C@@H]([C@]3([C@H]2CCC4=CC(=O)C=C[C@@]43C)Cl)O)C)C)C(=O)CO,"This molecule contains an aliphatic hydroxyl group, a carboxylic acid group, a chloro substituent, and a ketone group, in which the carboxylic acid group may be the most influential for causing Hepatobiliary disorders.",54,184
CC(=O)NCCCS(=O)(=O)O,"This molecule contains an amide, a carboxylic acid, a sulfonic acid, and a thioether functional groups, in which the sulfonic acid may be the most influential for causing Hepatobiliary disorders.",46,129
[C-]#N.[C-]#N.[C-]#N.[C-]#N.[C-]#N.[N-]=O.[Na+].[Na+].[Na+].[Na+].[Fe+3],"This molecule contains cyano, nitroso, and sodium cation functional groups, in which cyano may be the most influential for causing Hepatobiliary disorders.",34,165
CC(C)NC1=C(N=CC=C1)N2CCN(CC2)C(=O)C3=CC4=C(N3)C=CC(=C4)NS(=O)(=O)C,"This molecule contains an amide, an amine, an aromatic ring, and a sulfonamide functional group, in which the sulfonamide may be the most influential for causing Hepatobiliary disorders.",42,163
CN1CCC(=C2C3=CC=CC=C3CCN4C2=NC=C4C=O)CC1,"This molecule contains an aldehyde, an amine, an aromatic ring, and a piperidine ring, in which the aldehyde may be the most influential for causing Hepatobiliary disorders.",40,143
CCCCC[C@H](CC[C@@H]1[C@H](C[C@@H]2[C@H]1CC3=C(C2)C(=CC=C3)OCC(=O)O)O)O,"This molecule contains an ester group, an ether group, a phenol group, and a tertiary alcohol group, in which the ester group may be the most influential for causing Hepatobiliary disorders.",42,164
CCCCCCCC(=O)CCC1C(CC(C1CC=CCCCC(=O)O)O)O,"This molecule contains a carboxylic acid, an ether, a hydroxyl group, and an olefinic bond, in which the carboxylic acid may be the most influential for causing Hepatobiliary disorders.",47,139
CC(CCC(=O)O)C1CCC2C1(CCC3C2C(CC4C3(CCC(C4)O)C)O)C,"This molecule contains aliphatic hydrocarbon chains, hydroxyl groups, and a ketone functional group, in which the ketone may be the most influential for causing Hepatobiliary disorders.",40,150
CC(C)C(C(=O)OCCOCN1C=NC2=C1NC(=NC2=O)N)N,"This molecule contains amide, ether, imidazole, and triazole functional groups, in which imidazole may be the most influential for causing Hepatobiliary disorders.",36,144
CCCCC(=O)N(CC1=CC=C(C=C1)C2=CC=CC=C2C3=NNN=N3)C(C(C)C)C(=O)O,"This molecule contains amide, aromatic rings, carboxylic acid, and triazole functional groups, in which the amide may be the most influential for causing Hepatobiliary disorders.",39,157
CC1C(C(CC(O1)OC2C(C(C(OC2OC3=C4C=C5C=C3OC6=C(C=C(C=C6)C(C(C(=O)NC(C(=O)NC5C(=O)NC7C8=CC(=C(C=C8)O)C9=C(C=C(C=C9C(NC(=O)C(C(C1=CC(=C(O4)C=C1)Cl)O)NC7=O)C(=O)O)O)O)CC(=O)N)NC(=O)C(CC(C)C)NC)O)Cl)CO)O)O)(C)N)O,"This molecule contains amide, chlorophenol, ether, and hydroxyl functional groups, in which chlorophenol may be the most influential for causing Hepatobiliary disorders.",39,269
CCOC(=O)O[C@@]1(CCC2[C@@]1(C[C@@H](C3C2CCC4=CC(=O)C=C[C@]34C)O)C)C(=O)OCCl,"This molecule contains an alkoxy group, an ester group, a chloroethyl ester group, and a ketone group, in which the chloroethyl ester group may be the most influential for causing Hepatobiliary disorders.",50,168
C1CC2=CC=CC=C2N(C(=O)[C@H]1N[C@H](CCC3=CC=CC=C3)C(=O)O)CC(=O)O,"This molecule contains amide, aromatic ring, carboxylic acid, and secondary amine functional groups, in which amide may be the most influential for causing Hepatobiliary disorders.",39,161
CC1=C(C=C(C=C1)C(=O)NC2=CC(=C(C=C2)CN3CCN(CC3)C)C(F)(F)F)C#CC4=CN=C5N4N=CC=C5,"This molecule contains an amide, an aryl halide, an ether, and a nitrile functional group, in which the aryl halide may be the most influential for causing Hepatobiliary disorders.",44,169
C=CC(CCC(=O)O)N,"This molecule contains an alkene, amine, carboxylic acid, and secondary carbon functional groups, in which the carboxylic acid may be the most influential for causing Hepatobiliary disorders.",43,125
CC(C(=O)N1C2CCCCC2CC1C(=O)O)NC(CCC3=CC=CC=C3)C(=O)O,"This molecule contains amide, aromatic ring, carboxylic acid, and piperidine functional groups, in which the aromatic ring may be the most influential for causing Hepatobiliary disorders.",40,152
CCC1=CC2CC(C3=C(CN(C2)C1)C4=CC=CC=C4N3)(C5=C(C=C6C(=C5)C78CCN9C7C(C=CC9)(C(C(C8N6C)(C(=O)OC)O)OC(=O)C)CC)OC)C(=O)OC,"This molecule contains amide, ether, ester, and indole functional groups, in which indole may be the most influential for causing Hepatobiliary disorders.",34,200
CC1=CC=CC=C1O[C@H](CCNC)C2=CC=CC=C2.Cl,"This molecule contains an aromatic ring, chloro, ether, and secondary amine functional groups, in which the secondary amine may be the most influential for causing Hepatobiliary disorders.",38,138
C1COC[C@H]1OC2=CC=C(C=C2)CC3=C(C=CC(=C3)[C@H]4[C@@H]([C@H]([C@@H]([C@H](O4)CO)O)O)O)Cl,"This molecule contains an aromatic ring, a chlorobenzene, an ether, and a tetrahydropyran functional groups, in which the chlorobenzene may be the most influential for causing Hepatobiliary disorders.",47,178
CCCNS(=O)(=O)NC1=C(C(=NC=N1)OCCOC2=NC=C(C=N2)Br)C3=CC=C(C=C3)Br,"This molecule contains amide, ether, sulfonamide, and triazole functional groups, in which sulfonamide may be the most influential for causing Hepatobiliary disorders.",36,155
CC1=CC=CC=C1S(=O)(=O)NC(=O)C2=CC(=C(C=C2)CC3=CN(C4=C3C=C(C=C4)NC(=O)OC5CCCC5)C)OC,"This molecule contains an amide, an ether, a sulfone, and a tertiary amine functional groups, in which the sulfone may be the most influential for causing Hepatobiliary disorders.",40,172
C1CC(OC1CO)N2C=CC(=NC2=O)N,"This molecule contains an ether, a hydroxyl group, a secondary amine, and a pyrimidone ring, in which the pyrimidone ring may be the most influential for causing Hepatobiliary disorders.",46,134
CCN(C1=CC=CC(=C1)C2=CC=NC3=C(C=NN23)C#N)C(=O)C,"This molecule contains an amide, an aryl halide, an imine, and a nitrile functional group, in which the amide may be the most influential for causing Hepatobiliary disorders.",43,149
CC(=O)NC1C(C=C(OC1C(C(CO)O)O)C(=O)O)N=C(N)N,"This molecule contains amide, ester, ether, and hydroxyl functional groups, in which amide may be the most influential for causing Hepatobiliary disorders.",35,147
CC1=CN(C(=O)NC1=O)C2CC(C(O2)CO)N=[N+]=[N-],"This molecule contains an amide, an azide, a cyclic ether, and a pyrimidine ring, in which the azide may be the most influential for causing Hepatobiliary disorders.",40,144
Cl[Zn]Cl,"This molecule contains a chloride, a metal center, and a zinc coordination complex functional groups, in which the metal center may be the most influential for causing Hepatobiliary disorders.",36,118
CN(C)CCC1=CNC2=C1C=C(C=C2)CC3COC(=O)N3,"This molecule contains an amide, an ether, a piperidine ring, and a pyridine ring, in which the amide may be the most influential for causing Hepatobiliary disorders.",41,139
CC1=CC=C(C=C1)C2=C(N3C=C(C=CC3=N2)C)CC(=O)N(C)C,"This molecule contains amide, aromatic rings, imine, and methyl groups, in which amide may be the most influential for causing Hepatobiliary disorders.",33,147
C1=CC=C2C(=C1)C(=NO2)CS(=O)(=O)N,"This molecule contains a benzene ring, an isoxazole ring, a sulfonamide group, and a thioether, in which the sulfonamide group may be the most influential for causing Hepatobiliary disorders.",46,140
CN1CCN(CC1)C(=O)OC2C3=NC=CN=C3C(=O)N2C4=NC=C(C=C4)Cl,"This molecule contains amide, chlorobenzene, piperazine, and triazole functional groups, in which chlorobenzene may be the most influential for causing Hepatobiliary disorders.",40,152
CCCN1CCCCC1C(=O)NC2=C(C=CC=C2C)C,"This molecule contains an amide, an aromatic ring, a cyclohexane, and a secondary amine functional groups, in which the amide may be the most influential for causing Hepatobiliary disorders.",43,135
CC1=C(C(=O)C2=C(C1=O)N3C[C@H]4[C@@H]([C@@]3([C@@H]2COC(=O)N)OC)N4)N,"This molecule contains amide, ester, ketone, and pyrrole functional groups, in which amide may be the most influential for causing Hepatobiliary disorders.",36,166
C1CC2=C(C=CC(=C2)F)OC1C(CNCC(C3CCC4=C(O3)C=CC(=C4)F)O)O,"This molecule contains an ether, a fluorobenzene, a hydroxyl, and a secondary amine functional groups, in which the secondary amine may be the most influential for causing Hepatobiliary disorders.",44,155
CCC(C)C1C(=O)NC(C(=O)NC(C(=O)NC(CSSCC(C(=O)NC(C(=O)N1)CC2=CC=C(C=C2)O)N)C(=O)N3CCCC3C(=O)NC(CC(C)C)C(=O)NCC(=O)N)CC(=O)N)CCC(=O)N,"This molecule contains amide, aromatic, carboxylic acid, and thioether functional groups, in which the aromatic may be the most influential for causing Hepatobiliary disorders.",38,212
CC1=CC=C(C=C1)N(CC2=NCCN2)C3=CC(=CC=C3)O,"This molecule contains an aromatic ring, ether, secondary amine, and tertiary amine functional groups, in which the tertiary amine may be the most influential for causing Hepatobiliary disorders.",39,141
C[N+]1(CCC2=CC(=C(C=C2[C@H]1CC3=CC(=C(C(=C3)OC)OC)OC)OC)OC)CCCOC(=O)CCC=CCCC(=O)OCCC[N+]4(CCC5=CC(=C(C=C5[C@H]4CC6=CC(=C(C(=C6)OC)OC)OC)OC)OC)C,"This molecule contains alkoxy groups, aromatic rings, ester groups, and quaternary ammonium groups, in which quaternary ammonium may be the most influential for causing Hepatobiliary disorders.",43,214
CN(CCC1=CC=C(C=C1)NS(=O)(=O)C)CCOC2=CC=C(C=C2)NS(=O)(=O)C,"This molecule contains amine, aryl sulfonamide, ether, and phenyl functional groups, in which aryl sulfonamide may be the most influential for causing Hepatobiliary disorders.",40,153
CC1=C(C=CC2=C1C(=NC(=N2)N)N)CNC3=CC(=C(C(=C3)OC)OC)OC.C(=O)[C@@H]([C@H]([C@@H]([C@@H](C(=O)O)O)O)O)O,"This molecule contains amine, ether, imidazole, and phenyl functional groups, in which imidazole may be the most influential for causing Hepatobiliary disorders.",36,192
CC(C(CN1C=NC=N1)(C2=C(C=C(C=C2)F)F)O)N3CCC(=C)CC3,"This molecule contains an amine, an ether, a fluorobenzene, and an imidazole functional groups, in which the imidazole may be the most influential for causing Hepatobiliary disorders.",43,148
[N]=O,"This molecule contains a nitroso group, and the nitroso group may be the most influential for causing Hepatobiliary disorders.",28,117
CC(C)C1C(=O)NC(CSSCC(C(=O)NC(C(=O)NC(C(=O)NC(C(=O)N1)CCCCN)CC2=CNC3=CC=CC=C32)CC4=CC=C(C=C4)O)NC(=O)C(CC5=CC6=CC=CC=C6C=C5)N)C(=O)NC(C(C)O)C(=O)N.CC(=O)O,"This molecule contains amide, aromatic ring, ester, and thioether functional groups, in which amide may be the most influential for causing Hepatobiliary disorders.",36,226
CC(=O)C1=CC(=C(C=C1)OCCCN2CCC(CC2)C3=NOC4=C3C=CC(=C4)F)OC,"This molecule contains an acetyl group, a benzofuran moiety, a morpholine ring, and a p-fluorophenyl group, in which the benzofuran moiety may be the most influential for causing Hepatobiliary disorders.",52,155
CC(=O)O.C1CC[C@H]2[C@@H](C1)CC(N2C(=O)C3CC4=CC=CC=C4CN3C(=O)[C@H](CO)NC(=O)[C@H](CC5=CC=CS5)NC(=O)CNC(=O)C6C[C@H](CN6C(=O)C7CCCN7C(=O)C(CCCN=C(N)N)NC(=O)[C@@H](CCCN=C(N)N)N)O)C(=O)N[C@@H](CCCN=C(N)N)C(=O)O,"This molecule contains amide, aromatic ring, ester, and thiazole functional groups, in which amide may be the most influential for causing Hepatobiliary disorders.",36,269
CC(C)C1=NC(=CS1)CN(C)C(=O)NC(CCN2CCOCC2)C(=O)NC(CCC(CC3=CC=CC=C3)NC(=O)OCC4=CN=CS4)CC5=CC=CC=C5,"This molecule contains amide, aromatic ring, thiazole, and thioamide functional groups, in which thioamide may be the most influential for causing Hepatobiliary disorders.",38,181
B1(C2=C(CO1)C=C(C=C2)F)O,"This molecule contains an ether, a fluorobenzene, a hydroxyl group, and a tetrahydrofuran ring, in which the fluorobenzene may be the most influential for causing Hepatobiliary disorders.",47,131
CC1=C2C(=C(C(=C1C)OC(=O)CCC(=O)OCCO)C)CCC(O2)(C)CCCC(C)CCCC(C)CCCC(C)C,"This molecule contains an ester, ether, ketone, and tertiary alcohol functional groups, in which the ester may be the most influential for causing Hepatobiliary disorders.",36,160
CN1CC[C@]23[C@@H]4[C@@H]1CC5=C2C(=C(C=C5)OC)O[C@H]3C(=O)CC4,"This molecule contains an ester, ether, ketone, and tertiary amine functional groups, in which the ketone may be the most influential for causing Hepatobiliary disorders.",37,157
C[C@H]1C[C@H]2[C@@H]3CC[C@@]([C@]3(C[C@@H]([C@@H]2[C@@]4(C1=CC(=O)C=C4)C)O)C)(C(=O)COC(=O)C)O,"This molecule contains a cyclohexane ring, an ester group, a ketone group, and a tertiary alcohol, in which the ester group may be the most influential for causing Hepatobiliary disorders.",44,186
C[C@]12CC[C@H]3[C@H]([C@@H]1CC[C@]2(C)O)CC[C@@H]4[C@@]3(COC(=O)C4)C,"This molecule contains cyclohexane rings, ester, hydroxyl, and methyl groups, in which ester may be the most influential for causing Hepatobiliary disorders.",37,163
CC(C1=C(C=CC(=C1Cl)F)Cl)OC2=C(N=CC(=C2)C3=CN(N=C3)C4CCNCC4)N,"This molecule contains a benzene ring, a chloro group, a fluoro group, and a piperazine ring, in which the chloro group may be the most influential for causing Hepatobiliary disorders.",44,157
CCCCC[C@@H](C=C[C@H]1[C@@H](C[C@@H]([C@@H]1CC=CCCCC(=O)O)O)O)O.C(C(CO)(CO)N)O,"This molecule contains alcohol, amine, carboxylic acid, and double bond functional groups, in which carboxylic acid may be the most influential for causing Hepatobiliary disorders.",40,166
CC1=NC2=C(N1)CCN(C3=CC=CC=C32)C(=O)C4=CC=C(C=C4)NC(=O)C5=CC=CC=C5C6=CC=CC=C6,"This molecule contains amide, aromatic rings, imidazole, and tertiary amine functional groups, in which imidazole may be the most influential for causing Hepatobiliary disorders.",38,168
CC[C@@H]1[C@@]([C@@H]([C@H](C(=O)[C@@H](C[C@@]([C@@H]([C@H]([C@@H]([C@H](C(=O)O1)C)O[C@H]2C[C@@]([C@H]([C@@H](O2)C)O)(C)OC)C)O[C@H]3[C@@H]([C@H](C[C@H](O3)C)N(C)C)O)(C)O)C)C)O)(C)O.C([C@@H]1[C@@H]([C@@H]([C@H]([C@@H](O1)O[C@H]([C@@H](CO)O)[C@@H]([C@H](C(=O)O)O)O)O)O)O)O,"This molecule contains ester, ether, glycosidic linkage, and hydroxyl functional groups, in which ester may be the most influential for causing Hepatobiliary disorders.",38,323
C(C(C(=O)[O-])[S-])C(=O)[O-].[Na+].[Na+].[Au+],"This molecule contains carboxylate, gold cation, sodium cation, and thiolate functional groups, in which gold cation may be the most influential for causing Hepatobiliary disorders.",41,142
C(=NC(=N)N)(N)N,"This molecule contains amide, amine, azide, and imine functional groups, in which azide may be the most influential for causing Hepatobiliary disorders.",35,126
[O-][99Tc](=O)(=O)=O.[Na+],"This molecule contains a metal oxo complex, a sodium cation, and oxo ligands, in which the metal oxo complex may be the most influential for causing Hepatobiliary disorders.",40,131
CC[C@@]1(C[C@@H]2C[C@@](C3=C(CCN(C2)C1)C4=CC=CC=C4N3)(C5=C(C=C6C(=C5)[C@]78CCN9[C@H]7[C@@](C=CC9)([C@H]([C@@]([C@@H]8N6C=O)(C(=O)OC)O)OC(=O)C)CC)OC)C(=O)OC)O,"This molecule contains amide, ether, ester, and tertiary amine functional groups, in which the tertiary amine may be the most influential for causing Hepatobiliary disorders.",37,231
CC(C)C[C@@H](C(=O)[C@]1(CO1)C)NC(=O)[C@H](CC2=CC=CC=C2)NC(=O)[C@H](CC(C)C)NC(=O)[C@H](CCC3=CC=CC=C3)NC(=O)CN4CCOCC4,"This molecule contains amide, aromatic ring, ester, and ether functional groups, in which amide may be the most influential for causing Hepatobiliary disorders.",34,197
CCN[C@H]1CN(S(=O)(=O)C2=C1C=C(S2)S(=O)(=O)N)CCCOC.CC(C)(C)NC[C@@H](COC1=NSN=C1N2CCOCC2)O,"This molecule contains amine, ether, sulfonamide, and thiazole functional groups, in which sulfonamide may be the most influential for causing Hepatobiliary disorders.",37,177
C[C@@H](C(=O)OC(C)C)NP(=O)(OC[C@@H]1[C@H](C([C@@H](O1)N2C=CC(=O)NC2=O)(C)F)O)OC3=CC=CC=C3,"This molecule contains an amide, an ester, a phosphate group, and a pyrimidine ring, in which the phosphate group may be the most influential for causing Hepatobiliary disorders.",40,180
CN(C)C/C=C/C(=O)NC1=C(C=C2C(=C1)C(=NC=N2)NC3=CC(=C(C=C3)F)Cl)O[C@@H]4CCOC4,"This molecule contains amide, aromatic rings, ether, and halides functional groups, in which halides may be the most influential for causing Hepatobiliary disorders.",34,167
C[C@@H](CC1=CC=CC=C1)NC(=O)[C@H](CCCCN)N.CS(=O)(=O)O.CS(=O)(=O)O,"This molecule contains amide, aromatic ring, sulfonate, and thioether functional groups, in which sulfonate may be the most influential for causing Hepatobiliary disorders.",38,160
CC(C)CC1CN2CCC3=CC(=C(C=C3C2CC1=O)OC)OC,"This molecule contains an ether, ketone, and two tertiary amines functional groups, in which the ketone may be the most influential for causing Hepatobiliary disorders.",36,140
CN(C)CC(C1=CC=C(C=C1)OC)C2(CCCCC2)O,"This molecule contains an amine, an ether, an aromatic ring, and a cyclohexyl group, in which the aromatic ring may be the most influential for causing Hepatobiliary disorders.",40,135
CC[C@H](C)[C@@H](C(=O)N[C@@H](C(C)C)C(=O)N[C@@H](CCC(=O)O)C(=O)N[C@@H](CCC(=O)N)C(=O)N[C@@H](CS)C(=O)N[C@@H](CS)C(=O)N[C@@H]([C@@H](C)O)C(=O)N[C@@H](CO)C(=O)N[C@@H]([C@@H](C)CC)C(=O)N[C@@H](CS)C(=O)N[C@@H](CO)C(=O)N[C@@H](CC(C)C)C(=O)N[C@@H](CC1=CC=C(C=C1)O)C(=O)N[C@@H](CCC(=O)N)C(=O)N[C@@H](CC(C)C)C(=O)N[C@@H](CCC(=O)O)C(=O)N[C@@H](CC(=O)N)C(=O)N[C@@H](CC2=CC=C(C=C2)O)C(=O)N[C@@H](CS)C(=O)N[C@@H](CC(=O)N)C(=O)O)NC(=O)CN.C[C@H]([C@@H](C(=O)N[C@@H](CC(=O)O)C(=O)N[C@@H](CCCCN)C(=O)N[C@@H]([C@@H](C)O)C(=O)O)NC(=O)[C@H](CC1=CC=C(C=C1)O)NC(=O)[C@H](CC2=CC=CC=C2)NC(=O)[C@H](CC3=CC=CC=C3)NC(=O)CNC(=O)[C@H](CCCNC(=N)N)NC(=O)[C@H](CCC(=O)O)NC(=O)CNC(=O)[C@H](CS)NC(=O)[C@H](C(C)C)NC(=O)[C@H](CC(C)C)NC(=O)[C@H](CC4=CC=C(C=C4)O)NC(=O)[C@H](CC(C)C)NC(=O)[C@H](C)NC(=O)[C@H](CCC(=O)O)NC(=O)[C@H](C(C)C)NC(=O)[C@H](CC(C)C)NC(=O)[C@H](CC5=CN=CN5)NC(=O)[C@H](CO)NC(=O)CNC(=O)[C@H](CS)NC(=O)[C@H](CC(C)C)NC(=O)[C@H](CC6=CN=CN6)NC(=O)[C@H](CCC(=O)N)NC(=O)[C@H](CC(=O)N)NC(=O)[C@H](C(C)C)NC(=O)[C@H](CC7=CC=CC=C7)N)O,"This molecule contains amide, aromatic ring, ester, and thioether functional groups, in which amide may be the most influential for causing Hepatobiliary disorders.",36,874
CNC(=O)C1=CN(N=C1)C2=NC3=C(C(=N2)N)N=CN3[C@H]4[C@@H]([C@@H]([C@H](O4)CO)O)O,"This molecule contains amide, amino, imidazole, and triazole functional groups, in which amide may be the most influential for causing Hepatobiliary disorders.",35,171
CC(CN1CC(=O)NC(=O)C1)N2CC(=O)NC(=O)C2,"This molecule contains amide, amine, cyclohexane, and ketone functional groups, in which amide may be the most influential for causing Hepatobiliary disorders.",37,144
C(CN(CC(=O)O)CC(=O)O)N(CC(=O)O)CC(=O)O,"This molecule contains amide, amine, carboxylic acid, and nitrile functional groups, in which the carboxylic acid may be the most influential for causing Hepatobiliary disorders.",43,144
C1=C(C(=C(C(=C1I)NC(=O)CCCCC(=O)NC2=C(C=C(C(=C2I)C(=O)O)I)I)I)C(=O)O)I,"This molecule contains carboxylic acid, iodobenzene, ketone, and secondary amide functional groups, in which iodobenzene may be the most influential for causing Hepatobiliary disorders.",43,171
C(CS)N,"This molecule contains an alkyl group, an amine, and a thioether, in which the thioether may be the most influential for causing Hepatobiliary disorders.",37,118
CCC1=C2C=C3C(=C(C(=CC4=NC(=CC5=NC(=CC(=C1C)N2)C(=C5CCC(=O)O)C)C(=C4C)CCC(=O)O)N3)C(C)O)C.[Na+],"This molecule contains carboxylic acid, ether, naphthalene, and pyridine functional groups, in which carboxylic acid may be the most influential for causing Hepatobiliary disorders.",43,189
C[C@@H](C1=NC=NC=C1F)[C@](CN2C=NC=N2)(C3=C(C=C(C=C3)F)F)O,"This molecule contains an ether, fluorobenzene, imidazole, and triazole functional groups, in which the imidazole may be the most influential for causing Hepatobiliary disorders.",40,153
CC(=O)N[C@H](COC)C(=O)NCC1=CC=CC=C1,"This molecule contains an amide, an aromatic ring, an ether, and a ketone functional groups, in which the amide may be the most influential for causing Hepatobiliary disorders.",39,140
[H+].[H+].CCOC1=CC=C(C=C1)C[C@@H](CN(CCN(CC(=O)[O-])CC(=O)[O-])CC(=O)[O-])N(CC(=O)[O-])CC(=O)[O-].[Gd+3],"This molecule contains amide, ether, phenyl, and tertiary amine functional groups, in which amide may be the most influential for causing Hepatobiliary disorders.",35,184
C[C@H](C1=CC(=CC(=C1)C(F)(F)F)C(F)(F)F)O[C@@H]2[C@@H](N(CCO2)CC3=NC(=O)N(N3)P(=O)(O)O)C4=CC=C(C=C4)F,"This molecule contains an amide, an aryl halide, an ether, and a phosphonate functional groups, in which the phosphonate may be the most influential for causing Hepatobiliary disorders.",43,190
CC(=O)[O-].CC(=O)[O-].[Ca+2],"This molecule contains carboxylate, ethyl, ketone, and metal cation functional groups, in which carboxylate may be the most influential for causing Hepatobiliary disorders.",40,133
CCN(CC)CCOC(=O)C1=CC=C(C=C1)N.CC1([C@@H](N2[C@H](S1)[C@@H](C2=O)NC(=O)CC3=CC=CC=C3)C(=O)O)C.O,"This molecule contains amide, aromatic ring, ether, and thiazolidine functional groups, in which thiazolidine may be the most influential for causing Hepatobiliary disorders.",38,182
C1CC(C1)(C(=O)O)C(=O)O.N.N.[Pt],"This molecule contains a cyclobutane ring, carboxylic acid groups, nitrogen gas, and a platinum atom, in which carboxylic acid groups may be the most influential for causing Hepatobiliary disorders.",46,137
CC/C=C\C/C=C\C/C=C\CCCCCCCC(=O)O.CC/C=C\C/C=C\C/C=C\C/C=C\C/C=C\CCCC(=O)O.CC/C=C\C/C=C\C/C=C\C/C=C\C/C=C\C/C=C\CCC(=O)O,"This molecule contains alkene, carboxyl, ester, and hydrocarbon chain functional groups, in which carboxyl may be the most influential for causing Hepatobiliary disorders.",38,179
C[C@@H](C(=O)N1CC2=CC(=C(C=C2C[C@H]1C(=O)O)OC)OC)N[C@@H](CCC3=CC=CC=C3)C(=O)O,"This molecule contains amide, aromatic ring, ester, and phenyl functional groups, in which amide may be the most influential for causing Hepatobiliary disorders.",35,172
C[C@H](C(=O)N)NC(=O)[C@@H]1CCCN1C(=O)[C@H](CCCCNC(C)C)NC(=O)[C@H](CC(C)C)NC(=O)[C@@H](CC2=CC=C(C=C2)NC(=O)N)NC(=O)[C@H](CC3=CC=C(C=C3)NC(=O)[C@@H]4CC(=O)NC(=O)N4)NC(=O)[C@H](CO)NC(=O)[C@@H](CC5=CN=CC=C5)NC(=O)[C@@H](CC6=CC=C(C=C6)Cl)NC(=O)[C@@H](CC7=CC8=CC=CC=C8C=C7)NC(=O)C,"This molecule contains amide, aromatic ring, piperidine, and vinyl functional groups, in which amide may be the most influential for causing Hepatobiliary disorders.",35,312
COC1=NC(=NC2=C1N=CN2[C@H]3[C@@H]([C@@H]([C@H](O3)CO)O)O)N,"This molecule contains an ether, a hydroxyl group, an imidazole ring, and a purine base, in which the purine base may be the most influential for causing Hepatobiliary disorders.",43,157
CC(=O)[C@]1(CC[C@@H]2[C@@]1(CC[C@H]3[C@H]2CCC4=CC(=O)CC[C@]34C)C)O,"This molecule contains a cyclohexane ring, a ketone, a secondary alcohol, and a cyclopentane ring, in which the ketone may be the most influential for causing Hepatobiliary disorders.",44,161
C1[C@@H]([C@H](O[C@H]1N2C=C(C(=O)NC2=O)C(F)(F)F)CO)O,"This molecule contains a fluorinated methyl group, a glycosidic linkage, an imidazolidinedione ring, and a hydroxymethyl group, in which the imidazolidinedione ring may be the most influential for causing Hepatobiliary disorders.",56,154
[O-2].[O-2].[O-2].[249Cf].[249Cf],"This molecule contains californium centers, oxide anions, and peroxide-like linkages, in which the californium centers may be the most influential for causing Hepatobiliary disorders.",39,134
CC(C)C(C)C=CC(C)C1CCC2C1(CCCC2=CC=C3CC(CC(C3=C)O)O)C,"This molecule contains alcohol, alkene, cyclohexane, and cyclopentane functional groups, in which alcohol may be the most influential for causing Hepatobiliary disorders.",37,148
CC1=CC2=C(C=C1C)N(C=N2)C3C(C(C(O3)CO)OP(=O)([O-])OC(C)CNC(=O)CCC4(C(C5C6(C(C(C(=N6)C(=C7C(C(C(=N7)C=C8C(C(C(=N8)C(=C4[N-]5)C)CCC(=O)N)(C)C)CCC(=O)N)(C)CC(=O)N)C)CCC(=O)N)(C)CC(=O)N)C)CC(=O)N)C)O.O.[Co],"This molecule contains amide, imidazole, phosphate, and pyridine functional groups, in which the imidazole may be the most influential for causing Hepatobiliary disorders.",38,269
C1CN(CCC1NC(=O)C2=CC=CC=C2C3=CC=C(C=C3)C(F)(F)F)CCCCC4(C5=CC=CC=C5C6=CC=CC=C64)C(=O)NCC(F)(F)F,"This molecule contains amide, aryl halide, tertiary amine, and trifluoromethyl groups, in which the aryl halide may be the most influential for causing Hepatobiliary disorders.",43,180
CC(C)(C(=O)O)OC1=CC=C(C=C1)CCNC(=O)C2=CC=C(C=C2)Cl,"This molecule contains an amide, an ester, an ether, and a phenyl chloride functional groups, in which the amide may be the most influential for causing Hepatobiliary disorders.",40,148
C1CC1NC2=NC(=NC3=C2N=CN3[C@@H]4C[C@@H](C=C4)CO)N.C1[C@H](O[C@H](S1)CO)N2C=CC(=NC2=O)N,"This molecule contains amine, cyclopropane, furanose, and triazole functional groups, in which triazole may be the most influential for causing Hepatobiliary disorders.",38,177
CNC[C@@H]([C@H]([C@@H]([C@@H](CO)O)O)O)O.CNC[C@@H]([C@H]([C@@H]([C@@H](CO)O)O)O)O.C(CN(CC(=O)O)CC(=O)[O-])N(CCN(CC(=O)O)CC(=O)[O-])CC(=O)[O-].[Gd+3],"This molecule contains amide, amino, carboxylate, and ether functional groups, in which the gadolinium complex may be the most influential for causing Hepatobiliary disorders.",38,221
CCN(CC)C(=O)[C@@]1(C[C@@H]1C[NH3+])C2=CC=CC=C2.[Cl-],"This molecule contains an amide, aromatic ring, tertiary amine, and a quaternary ammonium cation functional groups, in which the quaternary ammonium cation may be the most influential for causing Hepatobiliary disorders.",49,150
C1=CC(=C(C(=C1)F)CN2C=C(N=N2)C(=O)N)F,"This molecule contains an amine, an azo group, a fluorobenzene, and a pyrimidine ring, in which the azo group may be the most influential for causing Hepatobiliary disorders.",44,144
CC1([C@@H](N2[C@H](S1)[C@@H](C2=O)NC(=O)[C@@H](C3=CSC=C3)C(=O)O)C(=O)O)C.C1[C@@H]2N(C1=O)[C@H](/C(=C/CO)/O2)C(=O)O,"This molecule contains amide, carboxylic acid, thiazolidine, and thiazole functional groups, in which thiazolidine may be the most influential for causing Hepatobiliary disorders.",43,203
C[N+]1(CCC2=CC(=C(C=C2C1CC3=CC(=C(C=C3)OC)OC)OC)OC)CCC(=O)OCCCCCOC(=O)CC[N+]4(CCC5=CC(=C(C=C5C4CC6=CC(=C(C=C6)OC)OC)OC)OC)C,"This molecule contains alkoxy groups, aromatic rings, quaternary ammoniums, and a carboxylic ester, in which quaternary ammoniums may be the most influential for causing Hepatobiliary disorders.",48,199
C[N+]1(CCC2=CC(=C(C=C2C1CC3=CC(=C(C=C3)OC)OC)OC)OC)CCC(=O)OCCCCCOC(=O)CC[N+]4(CCC5=CC(=C(C=C5C4CC6=CC(=C(C=C6)OC)OC)OC)OC)C.C1=CC=C(C=C1)S(=O)(=O)[O-].C1=CC=C(C=C1)S(=O)(=O)[O-],"This molecule contains alkoxy groups, aromatic rings, ester groups, and quaternary ammonium groups, in which quaternary ammonium may be the most influential for causing Hepatobiliary disorders.",43,239
CC1=CC(=NO1)NS(=O)(=O)C2=CC=C(C=C2)N.COC1=CC(=CC(=C1OC)OC)CC2=CN=C(N=C2N)N,"This molecule contains an amine, an ether, a nitroso, and a sulfonamide functional groups, in which the sulfonamide may be the most influential for causing hepatobiliary disorders.",41,167
CC#CCC(C)[C@@H](C=CC1[C@@H](C[C@H]2[C@@H]1CC(=CCCCC(=O)O)C2)O)O,"This molecule contains an alkyne, an alkene, an ether, and a carboxylic acid functional group, in which the carboxylic acid may be the most influential for causing Hepatobiliary disorders.",46,158
CN1C=CNC1=S,"This molecule contains an amine, a thiazole, and a nitrile functional groups, in which the nitrile may be the most influential for causing Hepatobiliary disorders.",39,120
C(C(F)(F)F)(C(F)(F)F)(F)F,"This molecule contains alkyl, alkyl fluoride, and fluoroalkane functional groups, in which fluoroalkane may be the most influential for causing Hepatobiliary disorders.",37,131
C[C@]12C[C@@H]([C@]3([C@H]([C@@H]1C[C@@H]4[C@]2(OC(O4)(C)C)C(=O)CO)CCC5=CC(=O)C=C[C@@]53C)F)O,"This molecule contains an aliphatic hydroxyl group, an epoxide ring, a ketone group, and a phenyl ring, in which the ketone group may be the most influential for causing Hepatobiliary disorders.",47,184
C[C@]12CC[C@H]3[C@H]([C@@H]1CC[C@@H]2O)[C@@H](CC4=C3C=CC(=C4)O)CCCCCCCCCS(=O)CCCC(C(F)(F)F)(F)F,"This molecule contains an ether, a phenol, a sulfate, and a trifluoromethyl group, in which the sulfate may be the most influential for causing Hepatobiliary disorders.",39,178
CC1=C(C(=C(C=C1C2(C3=CC=CC=C3S(=O)(=O)O2)C4=CC(=C(C(=C4C)Br)O)Br)Br)O)Br,"This molecule contains bromo, hydroxy, phenyl, and sulfone functional groups, in which bromo may be the most influential for causing Hepatobiliary disorders.",35,169
CC1=NC(=O)C2=C(N1)C=CC(=C2)CN(C)C3=CC=C(S3)C(=O)N[C@@H](CCC(=O)O)C(=O)O,"This molecule contains amide, carboxylic acid, thioether, and triazole functional groups, in which triazole may be the most influential for causing Hepatobiliary disorders.",39,169
CC(OC(=O)C)OC(=O)C1=C(CS[C@H]2N1C(=O)[C@H]2NC(=O)C(=NOC)C3=CC=CO3)COC(=O)N,"This molecule contains amide, ester, ether, and thioether functional groups, in which the ester may be the most influential for causing Hepatobiliary disorders.",36,175
C1=CC(=C(C=C1N/N=C/2\C=CC(=O)C(=C2)C(=O)O)C(=O)O)O,"This molecule contains a benzene ring, carboxylic acids, hydroxyl groups, and an azo linkage, in which the azo linkage may be the most influential for causing Hepatobiliary disorders.",44,156
C1CCC(CC1)(C2=CC=CC=C2)N3CCCCC3,"This molecule contains a cyclohexane ring, a phenyl group, a piperidine ring, and an alkane chain, in which the piperidine ring may be the most influential for causing Hepatobiliary disorders.",47,133
C[C@](CC1=CC(=C(C=C1)O)O)(C(=O)O)NN.C1=CC(=C(C=C1C[C@@H](C(=O)O)N)O)O,"This molecule contains amide, aromatic rings, carboxylic acids, and phenols, in which carboxylic acids may be the most influential for causing Hepatobiliary disorders.",39,167
CC1(CC(=O)N(C1=O)C)C2=CC=CC=C2,"This molecule contains an amide, an aromatic ring, a ketone, and a secondary cyclohexane ring, in which the amide may be the most influential for causing Hepatobiliary disorders.",42,136
C=C1[C@H](C[C@@H]([C@H]1CO)O)N2C=NC3=C2NC(=NC3=O)N,"This molecule contains an amide, an imidazole ring, an oxolane ring, and a pyrimidine ring, in which the amide may be the most influential for causing Hepatobiliary disorders.",44,152
CCC[C@@H](C(=O)O)N[C@@H](C)C(=O)N1[C@H]2CCCC[C@H]2C[C@H]1C(=O)O,"This molecule contains amide, carboxylic acid, secondary amine, and tertiary carbon groups, in which carboxylic acid may be the most influential for causing Hepatobiliary disorders.",41,162
CNC(=O)C1=CC=CC=C1SC2=CC3=C(C=C2)C(=NN3)C=CC4=CC=CC=N4,"This molecule contains amide, aryl halide, azo, and thioether functional groups, in which azo may be the most influential for causing Hepatobiliary disorders.",38,152
CCN(CC)CCNC(=O)C1=C(NC(=C1C)C=C2C3=C(C=CC(=C3)F)NC2=O)C,"This molecule contains amide, aromatic ring, ether, and secondary amine functional groups, in which amide may be the most influential for causing Hepatobiliary disorders.",35,156
CCOP(=O)(C(C)NC(=O)N(CCCl)N=O)OCC,"This molecule contains an alkyl chloride, an ether, a nitroso group, and a phosphoester functional group, in which the alkyl chloride may be the most influential for causing Hepatobiliary disorders.",44,138
CCOC(=O)N1C=CN(C1=S)C,"This molecule contains an ether, ester, thiazole, and amine functional groups, in which the thiazole may be the most influential for causing Hepatobiliary disorders.",38,129
C(C(CO)(CO)N)O,"This molecule contains alcohol, amine, ether, and hydroxyl functional groups, in which alcohol may be the most influential for causing Hepatobiliary disorders.",33,123
[O-]S(=O)(=S)[O-],"This molecule contains sulfite, sulfate, sulfonyl, and peroxomonosulfate functional groups, in which sulfite may be the most influential for causing Hepatobiliary disorders.",39,128
C1=CC(=C(C(=C1)Cl)SC(CCC2=CC=C(C=C2)Cl)CN3C=CN=C3)Cl.[N+](=O)(O)[O-],"This molecule contains a benzene ring, a chlorobenzene ring, a thioether, and a triazole ring, in which the triazole ring may be the most influential for causing Hepatobiliary disorders.",45,162
CCN(CC)C(=O)C(=CC1=CC(=C(C(=C1)O)O)[N+](=O)[O-])C#N,"This molecule contains an amide, an aromatic ring, a cyano group, and a nitro group, in which the nitro group may be the most influential for causing Hepatobiliary disorders.",41,154
CC1=CC=C(C=C1)C(=O)C2=CC(=C(C(=C2)O)O)[N+](=O)[O-],"This molecule contains a benzene ring, a carboxyl group, a hydroxyl group, and a nitro group, in which the nitro group may be the most influential for causing Hepatobiliary disorders.",45,153
C1CN(CC1C(C2=CC=CC=C2)(C3=CC=CC=C3)C(=O)N)CCC4=CC5=C(C=C4)OCC5,"This molecule contains a benzene ring, cyclohexane, ketone, and piperidine functional groups, in which the ketone may be the most influential for causing Hepatobiliary disorders.",41,157
C1C2CNCC1C3=CC4=NC=CN=C4C=C23,"This molecule contains an amine, an imine, a pyridine, and a fused bicyclic ring system, in which the fused bicyclic ring system may be the most influential for causing Hepatobiliary disorders.",47,134
CCCC(=O)OCOC(=O)C1=C(NC(=C(C1C2=C(C(=CC=C2)Cl)Cl)C(=O)OC)C)C,"This molecule contains an ester group, a ketone group, a chlorobenzene ring, and an amide group, in which the chlorobenzene ring may be the most influential for causing Hepatobiliary disorders.",47,159
CC1=C(N(N=C1C(=O)NN2CCCCC2)C3=C(C=C(C=C3)Cl)Cl)C4=CC=C(C=C4)Cl.Cl,"This molecule contains a benzene ring, a chlorobenzene group, a diazine ring, and a piperidine ring, in which the diazine ring may be the most influential for causing Hepatobiliary disorders.",48,155
CC(C)(C)C1=CC=C(C=C1)S(=O)(=O)NC2=C(C(=NC(=N2)C3=NC=CC=N3)OCCO)OC4=CC=CC=C4OC,"This molecule contains an amine, an ether, a sulfonamide, and a triazole functional group, in which the sulfonamide may be the most influential for causing Hepatobiliary disorders.",41,169
C1=CC(=CN=C1)C(=O)NCCO[N+](=O)[O-],"This molecule contains an amide, an azo group, a benzene ring, and a pyridine ring, in which the azo group may be the most influential for causing Hepatobiliary disorders.",43,140
C1CN2C(=CC=C2C(=O)C3=CC=CC=C3)C1C(=O)O,"This molecule contains a benzene ring, an ester group, a ketone group, and a lactam ring, in which the lactam ring may be the most influential for causing Hepatobiliary disorders.",43,145
C[C@H]1C=CC=C(C(=O)NC2=C(C3=C(C4=C(C(=C3O)C)O[C@@](C4=O)(OC=C[C@@H]([C@H]([C@H]([C@@H]([C@@H]([C@@H]([C@H]1O)C)O)C)OC(=O)C)C)OC)C)C5=C2N6C=CC(=CC6=N5)C)O)C,"This molecule contains alkenes, ethers, ketones, and phenols, in which ketones may be the most influential for causing Hepatobiliary disorders.",33,234
C([C@@H]1[C@H]([C@@H]([C@H]([C@H](O1)O)NS(=O)(=O)O)O)O[C@H]2[C@@H]([C@H]([C@@H]([C@@H](O2)C(=O)O)O)O)OS(=O)(=O)O)OS(=O)(=O)O,"This molecule contains acetal, carboxylic acid, sulfate, and sulfonamide functional groups, in which sulfonamide may be the most influential for causing Hepatobiliary disorders.",39,214
O[Fe]=O.O[Fe]=O.[Fe],"This molecule contains iron centers, oxo ligands, peroxo bridges, and single iron atoms, in which peroxo bridges may be the most influential for causing Hepatobiliary disorders.",40,126
C1CN2CCC1[C@H](C2)OC(=O)N3CCC4=CC=CC=C4[C@@H]3C5=CC=CC=C5.Cl,"This molecule contains an amide, an ether, two piperidine rings, and two phenyl rings, in which the amide may be the most influential for causing Hepatobiliary disorders.",40,155
CC(=O)NC1=CC=C(C=C1)O.CC(C1=CC=CC=C1)(C2=CC=CC=N2)OCCN(C)C.CN1CC[C@]23[C@@H]4[C@H]1CC5=C2C(=C(C=C5)OC)O[C@H]3[C@H](C=C4)O.C(CC(=O)O)C(=O)O.OP(=O)(O)O,"This molecule contains amide, aromatic ring, ester, and phosphate functional groups, in which amide may be the most influential for causing Hepatobiliary disorders.",34,223
C[C@H]1CCC[C@@]2([C@@H](O2)C[C@H](NC(=O)C[C@@H](C(C(=O)[C@@H]([C@H]1O)C)(C)C)O)/C(=C/C3=CSC(=N3)C)/C)C,"This molecule contains an amide, an ether, a hydroxyl, and a thiazole functional group, in which the amide may be the most influential for causing Hepatobiliary disorders.",41,191
CS(=O)(=O)C1=CC(=C(C=C1)C(=O)NC2=CC(=C(C=C2)Cl)C3=CC=CC=N3)Cl,"This molecule contains an amide, an aromatic ring, a carboxyl group, and a sulfonyl group, in which the sulfonyl group may be the most influential for causing Hepatobiliary disorders.",44,160
CC1(C2CCC(C1C2)CCOCC[N+]3(CCOCC3)CC4=CC(=C(C=C4Br)OC)OC)C.[Br-],"This molecule contains a bromophenyl group, an ether linkage, a quaternary ammonium group, and a tertiary alcohol, in which the quaternary ammonium group may be the most influential for causing Hepatobiliary disorders.",49,155
CNC1=C(C=C(C=C1)C2=NC3=C(S2)C=C(C=C3)O)F,"This molecule contains an amine, an ether, a fluorobenzene, and a thiazole functional groups, in which the thiazole may be the most influential for causing Hepatobiliary disorders.",43,140
CN(CC=CC1=CC=CC=C1)CC2=CC=CC3=CC=CC=C32.Cl,"This molecule contains an alkyl halide, an amine, an aromatic ring, and an ethylene linkage, in which the alkyl halide may be the most influential for causing Hepatobiliary disorders.",43,139
CC1OC(OC(O1)C)C,"This molecule contains acetal, ether, hydrocarbon, and tetrahydrofuran functional groups, in which acetal may be the most influential for causing Hepatobiliary disorders.",37,124
[O-2].[O-2].[O-2].[As+3].[As+3],"This molecule contains arsenite, oxide, and peroxide functional groups, in which arsenite may be the most influential for causing Hepatobiliary disorders.",31,134
CC1=C(C(=CC=C1)Cl)NC(=O)C2=CN=C(S2)NC3=NC(=NC(=C3)N4CCN(CC4)CCO)C,"This molecule contains amide, chlorobenzene, piperazine, and thiazole functional groups, in which chlorobenzene may be the most influential for causing Hepatobiliary disorders.",41,161
C(CC(=O)O)[C@@H](C(=O)O)NC(=O)N,"This molecule contains amide, carboxyl, ester, and secondary amine functional groups, in which amide may be the most influential for causing Hepatobiliary disorders.",37,138
F,"This molecule contains a halogen functional group, in which the halogen may be the most influential for causing Hepatobiliary disorders.",27,114
CN1CCN(CC1)C(C2=CC=CC=C2)C3=CC=CC=C3,"This molecule contains amine, benzylic carbon, cyclohexane, and phenyl functional groups, in which amine may be the most influential for causing Hepatobiliary disorders.",39,138
C([C@H]([C@H]([C@@H]([C@H](C(=O)O)O)O)O)O)O.[Na+].[Fe+3],"This molecule contains carboxylate, ether, hydroxyl, and metal cation functional groups, in which carboxylate may be the most influential for causing Hepatobiliary disorders.",40,158
CCC(=O)[C@]1([C@@H](CC2[C@@]1(C[C@@H](C3C2CCC4=CC(=O)C=C[C@]34C)O)C)C)C,"This molecule contains a cyclohexane ring, a ketone, an olefin, and a tertiary alcohol functional groups, in which the ketone may be the most influential for causing Hepatobiliary disorders.",43,165
CC(C)(C)C(C=CC1=CC2=C(C=C1)OCO2)O,"This molecule contains an alkene, an ether, a phenol, and a tertiary carbon group, in which the phenol may be the most influential for causing Hepatobiliary disorders.",38,136
COC1=C(C=C(C=C1)CNC2=NC(=NC=C2C(=O)NCC3=NC=CC=N3)N4CCC[C@H]4CO)Cl,"This molecule contains amide, chlorobenzene, ether, and pyrimidine functional groups, in which chlorobenzene may be the most influential for causing Hepatobiliary disorders.",39,159
CC(C)CC(C(=O)NC(CCCN=C(N)N)C(=O)N1CCCC1C(=O)NNC(=O)N)NC(=O)C(COC(C)(C)C)NC(=O)C(CC2=CC=C(C=C2)O)NC(=O)C(CO)NC(=O)C(CC3=CNC4=CC=CC=C43)NC(=O)C(CC5=CN=CN5)NC(=O)C6CCC(=O)N6,"This molecule contains amide, aromatic ring, ester, and urea functional groups, in which amide may be the most influential for causing Hepatobiliary disorders.",35,239
CC1=C(N(C2=C1C=C(C=C2)O)CC3=CC=C(C=C3)OCCN4CCCCCC4)C5=CC=C(C=C5)O.CC(=O)O,"This molecule contains an amine, an ether, a phenol, and a piperidine functional groups, in which the ether may be the most influential for causing Hepatobiliary disorders.",39,162
C[C@]12CCC(=O)C=C1CC[C@@H]3[C@@]2([C@H](C[C@]4([C@H]3CC[C@@]4(C(=O)CO)O)C)O)F,"This molecule contains an aliphatic hydroxyl group, a ketone group, a secondary fluorine substituent, and an ester group, in which the ketone group may be the most influential for causing Hepatobiliary disorders.",49,171
CC(C)[C@@H](C(=O)OCC(CO)OCN1C=NC2=C1NC(=NC2=O)N)N,"This molecule contains an amide, an ether, a hydroxyl, and a purine ring, in which the purine ring may be the most influential for causing Hepatobiliary disorders.",40,150
C1CC1COC2=C(C=CC(=C2)C(=O)NC3=C(C=NC=C3Cl)Cl)OC(F)F,"This molecule contains an amide, a chlorobenzene, an ether, and a trifluoromethoxy group, in which the amide may be the most influential for causing Hepatobiliary disorders.",44,150
[Ga+3],"This molecule contains a cationic metal center, in which the cationic metal center may be the most influential for causing Hepatobiliary disorders.",31,118
CCCCCN=C(N)NN/C=C/1\C=NC2=C1C=C(C=C2)CO,"This molecule contains an alkene, amine, imine, and pyrimidine ring, in which the imine may be the most influential for causing Hepatobiliary disorders.",37,137
CCC1=CC=C(C=C1)C(C)CCC2=CC=C(C=C2)[N+](C)(C)C.[Cl-],"This molecule contains alkyl groups, aromatic rings, a quaternary ammonium, and a chloride ion, in which the quaternary ammonium may be the most influential for causing Hepatobiliary disorders.",43,146
CCCCCCCCCCCCCCCC(=O)OC[C@H](COP(=O)(O)OCCNC(=O)[C@H](C)NC(=O)CC[C@H](C(=O)N)NC(=O)[C@H](C)NC(=O)[C@@H](C)OC1[C@H]([C@@H](O[C@@H]([C@H]1O)CO)O)NC(=O)C)OC(=O)CCCCCCCCCCCCCCC,"This molecule contains amide, ester, ether, and phosphate functional groups, in which the amide may be the most influential for causing Hepatobiliary disorders.",34,231
CC1=CC(=C(C(=C1OC(=O)C)C)C)OCC(CNC(C)C)O,"This molecule contains an ether, ester, phenyl, and tertiary amine functional groups, in which the ester may be the most influential for causing Hepatobiliary disorders.",37,145
CC(C)C1=NC(=NC(=C1C=C[C@@H](C[C@H](CC(=O)O)O)O)C2=CC=C(C=C2)F)N(C)S(=O)(=O)C,"This molecule contains an aromatic ring, a carboxylic acid group, a fluorine substituent, and a sulfonamide group, in which the sulfonamide group may be the most influential for causing Hepatobiliary disorders.",48,172
CC1=C(N=C(N=C1N)C(CC(=O)N)NCC(C(=O)N)N)C(=O)NC(C(C2=CN=CN2)O[C@H]3[C@H]([C@H]([C@@H]([C@@H](O3)CO)O)O)O[C@@H]4[C@H]([C@H]([C@@H]([C@H](O4)CO)O)OC(=O)N)O)C(=O)NC(C)C(C(C)C(=O)NC(C(C)O)C(=O)NCCC5=NC(=CS5)C6=NC(=CS6)C(=O)NCCC[S+](C)C)O.OS(=O)(=O)[O-],"This molecule contains amide, guanidine, sulfonate, and thiazole functional groups, in which sulfonate may be the most influential for causing Hepatobiliary disorders.",39,305
CC(C)C[C@@H](C(=O)N[C@@H](CCCN=C(N)N)C(=O)N1CCC[C@H]1C(=O)NCC(=O)N)NC(=O)[C@@H](CC2=CNC3=CC=CC=C32)NC(=O)[C@H](CC4=CC=C(C=C4)O)NC(=O)[C@H](CO)NC(=O)[C@H](CC5=CNC6=CC=CC=C65)NC(=O)[C@H](CC7=CN=CN7)NC(=O)[C@@H]8CCC(=O)N8,"This molecule contains amide, aromatic ring, guanidine, and urea functional groups, in which amide may be the most influential for causing Hepatobiliary disorders.",36,271
CC(=O)O[C@H]1C[C@@H]2CC[C@@H]3[C@@H]([C@]2(C[C@@H]1N4CCCCC4)C)CC[C@]5([C@H]3C[C@@H]([C@@H]5OC(=O)C)[N+]6(CCCCC6)C)C.[Br-],"This molecule contains acetyl, bromide, ester, and quaternary ammonium functional groups, in which quaternary ammonium may be the most influential for causing Hepatobiliary disorders.",41,202
CCC(C1=CC=CC=C1)C(=O)O,"This molecule contains an alkyl chain, an aromatic ring, a carboxylic acid, and an ethyl group, in which the carboxylic acid may be the most influential for causing Hepatobiliary disorders.",46,129
CCN(CC)C(C)C(=O)C1=CC=CC=C1,"This molecule contains an amine, an aromatic ring, an isopropyl group, and a ketone functional group, in which the ketone may be the most influential for causing Hepatobiliary disorders.",43,133
CC1([C@@H](N2[C@H](S1)[C@@H](C2=O)NC(=O)CC3=CC=CC=C3)C(=O)O)C.CC1([C@@H](N2[C@H](S1)[C@@H](C2=O)NC(=O)CC3=CC=CC=C3)C(=O)O)C.C1=CC=C(C=C1)CNCCNCC2=CC=CC=C2,"This molecule contains amide, aryl, ester, and thiazolidine functional groups, in which thiazolidine may be the most influential for causing Hepatobiliary disorders.",39,228
C1CC(CCC1OP(=O)([O-])OC[C@@H](CN(CCN(CC(=O)[O-])CC(=O)[O-])CC(=O)[O-])N(CC(=O)[O-])CC(=O)[O-])(C2=CC=CC=C2)C3=CC=CC=C3.[Na+].[Na+].[Na+].[Gd+3],"This molecule contains aromatic rings, carboxylate groups, ether linkages, and a phosphonate group, in which the phosphonate group may be the most influential for causing Hepatobiliary disorders.",43,209
CC1(N=C(N=C(N1OCCCOC2=CC(=C(C=C2Cl)Cl)Cl)N)N)C.Cl,"This molecule contains a chlorobenzene ring, an ether linkage, a triazine ring, and a chloro substituent, in which the triazine ring may be the most influential for causing Hepatobiliary disorders.",45,145
CCCCCCC(C)(C)C1=CC2=C(C3CC(=O)CCC3C(O2)(C)C)C(=C1)O,"This molecule contains a cyclohexanone, a phenol, a tertiary carbon, and a tetrahydronaphthalene ring system, in which the cyclohexanone may be the most influential for causing Hepatobiliary disorders.",52,149
C[C@@H]1CCO[C@@H]2N1C(=O)C3=C(C(=O)C(=CN3C2)C(=O)NCC4=C(C=C(C=C4)F)F)[O-].[Na+],"This molecule contains amide, ester, fluorobenzene, and oxazole functional groups, in which amide may be the most influential for causing Hepatobiliary disorders.",37,173
CCCCC[C@@](C)(C=C[C@H]1[C@@H](C[C@@H]([C@@H]1CC=CCCCC(=O)O)O)O)O,"This molecule contains an alcohol, a carboxylic acid, an olefin, and a tetrahydrofuran ring, in which the carboxylic acid may be the most influential for causing Hepatobiliary disorders.",47,157
COC1=CC2=C(C=CN=C2C=C1OC)OC3=CC=C(C=C3)NC(=O)C4(CC4)C(=O)NC5=CC=C(C=C5)F,"This molecule contains amide, ether, fluorobenzene, and methoxy functional groups, in which amide may be the most influential for causing Hepatobiliary disorders.",36,164
C1=CC=C(C=C1)C2(C(=O)N(C(=O)N2)COP(=O)([O-])[O-])C3=CC=CC=C3.[Na+].[Na+],"This molecule contains an amide, an aromatic ring, a phosphoester, and a pyrimidine ring, in which the phosphoester may be the most influential for causing Hepatobiliary disorders.",42,165
C1=CC=C(C=C1)C(=O)OOC(=O)C2=CC=CC=C2,"This molecule contains an anhydride, aromatic rings, and ester functional groups, in which the anhydride may be the most influential for causing Hepatobiliary disorders.",38,141
CCOC(=O)NC1=C(C=C(C=C1)NCC2=CC=C(C=C2)F)N,"This molecule contains an amide, an ether, an aromatic ring, and a fluorobenzene functional group, in which the amide may be the most influential for causing Hepatobiliary disorders.",41,141
C[C@@H]1CC=CC=CC=CC=C[C@@H](C[C@H]2[C@@H]([C@H](C[C@](O2)(C[C@H](C[C@@H]3[C@H](O3)C=CC(=O)O1)O)O)O)C(=O)O)OC4[C@H]([C@H]([C@@H]([C@H](O4)C)O)N)O,"This molecule contains an acetal, an ether, a hemiacetal, and a lactone functional groups, in which the lactone may be the most influential for causing Hepatobiliary disorders.",40,225
CCCCCCCCCCCCCC(=O)NCCCC[C@@H](C(=O)O)NC(=O)[C@@H]1CCCN1C(=O)[C@H]([C@@H](C)O)NC(=O)[C@H](CC2=CC=C(C=C2)O)NC(=O)[C@H](CC3=CC=CC=C3)NC(=O)[C@H](CC4=CC=CC=C4)NC(=O)CNC(=O)[C@H](CCCNC(=N)N)NC(=O)[C@H](CCC(=O)O)NC(=O)CNC(=O)[C@@H]5CSSC[C@H](NC(=O)[C@@H](NC(=O)[C@@H](NC(=O)[C@@H](NC(=O)[C@@H](NC(=O)[C@@H](NC(=O)[C@@H](NC(=O)[C@@H](NC(=O)[C@@H](NC(=O)[C@@H]6CSSC[C@@H](C(=O)N[C@@H](CSSC[C@@H](C(=O)NCC(=O)N[C@H](C(=O)N[C@H](C(=O)N[C@H](C(=O)N[C@H](C(=O)N[C@H](C(=O)N[C@H](C(=O)N[C@H](C(=O)N[C@H](C(=O)N[C@H](C(=O)N[C@H](C(=O)N5)C(C)C)CC(C)C)CC7=CC=C(C=C7)O)CC(C)C)C)CCC(=O)O)C(C)C)CC(C)C)CC8=CNC=N8)CO)NC(=O)[C@H](CC(C)C)NC(=O)[C@H](CC9=CNC=N9)NC(=O)[C@H](CCC(=O)N)NC(=O)[C@H](CC(=O)N)NC(=O)[C@H](C(C)C)NC(=O)[C@H](CC1=CC=CC=C1)N)C(=O)N[C@H](C(=O)N[C@H](C(=O)N[C@H](C(=O)N6)[C@@H](C)CC)CO)[C@@H](C)O)NC(=O)[C@H](CCC(=O)N)NC(=O)[C@H](CCC(=O)O)NC(=O)[C@H](C(C)C)NC(=O)[C@H]([C@@H](C)CC)NC(=O)CN)CO)CC(C)C)CC1=CC=C(C=C1)O)CCC(=O)N)CC(C)C)CCC(=O)O)CC(=O)N)CC1=CC=C(C=C1)O)C(=O)N[C@@H](CC(=O)N)C(=O)O,"This molecule contains amide, aromatic ring, ester, and thioether functional groups, in which amide may be the most influential for causing Hepatobiliary disorders.",36,856
CCN(CC)C(=O)NC1CN(C2CC3=CNC4=CC=CC(=C34)C2=C1)C,"This molecule contains amide, amines, aromatic rings, and piperidine functional groups, in which amide may be the most influential for causing Hepatobiliary disorders.",37,147
CC1=CC(=CC(=C1)OCC2CNC(=O)O2)C,"This molecule contains an aromatic ring, an ether, an ester, and a secondary amine functional groups, in which the ester may be the most influential for causing Hepatobiliary disorders.",40,138
C[C@H]1/C=C/C=C(\C(=O)NC\2=C(C3=C(C(=C4C(=C3C(=O)/C2=C/NN5CCN(CC5)C)C(=O)[C@](O4)(O/C=C/[C@@H]([C@H]([C@H]([C@@H]([C@@H]([C@@H]([C@H]1O)C)O)C)OC(=O)C)C)OC)C)C)O)O)/C,"This molecule contains amide, ester, ether, and ketone functional groups, in which the amide may be the most influential for causing Hepatobiliary disorders.",35,242
CC(=O)O[C@H]1CC2=CC=CC=C2N(C3=CC=CC=C13)C(=O)N,"This molecule contains an amide, an ester, a phenyl ring, and a pyrrolidine ring, in which the amide may be the most influential for causing Hepatobiliary disorders.",42,148
CC12CC[C@H]3C([C@@H]1CCC2=O)CCC4=C3C=CC(=C4)OS(=O)(=O)O.C1CNCCN1,"This molecule contains an amine, cyclohexene, ether, and sulfonate functional groups, in which sulfonate may be the most influential for causing Hepatobiliary disorders.",39,160
CN(C)C(=O)C(CC[NH+]1CCC(CC1)(C2=CC=C(C=C2)Cl)O)(C3=CC=CC=C3)C4=CC=CC=C4,"This molecule contains an amide, an aromatic ring, a chlorobenzene, and a tertiary amine functional groups, in which the amide may be the most influential for causing Hepatobiliary disorders.",43,161
C[C@H](C(=O)N)NC(=O)[C@@H]1CCCN1C(=O)[C@H](CCCN=C(N)N)NC(=O)[C@H](CC(C)C)NC(=O)[C@@H](CCCNC(=O)N)NC(=O)[C@H](CC2=CC=C(C=C2)O)NC(=O)[C@H](CO)NC(=O)[C@@H](CC3=CN=CC=C3)NC(=O)[C@@H](CC4=CC=C(C=C4)Cl)NC(=O)[C@@H](CC5=CC6=CC=CC=C6C=C5)NC(=O)C.C(=O)(C(F)(F)F)O,"This molecule contains amide, aromatic ring, ether, and fluoroalkyl functional groups, in which fluoroalkyl may be the most influential for causing Hepatobiliary disorders.",38,297
CC1=C(C=C(C=C1)[C@H]2[C@@H]([C@H]([C@@H]([C@H](O2)CO)O)O)O)CC3=CC=C(S3)C4=CC=C(C=C4)F,"This molecule contains an ether, a fluorobenzene, a hydroxyl, and a thioether functional groups, in which the thioether may be the most influential for causing Hepatobiliary disorders.",44,175
CC1([C@H]([C@@H]1C(=O)OCC2=CC(=CC=C2)OC3=CC=CC=C3)C=C(Cl)Cl)C,"This molecule contains an ester, an ether, a phenyl group, and a vinyl chloride, in which the vinyl chloride may be the most influential for causing Hepatobiliary disorders.",38,158
CON=C1CN(CC1CN)C2=C(C=C3C(=O)C(=CN(C3=N2)C4CC4)C(=O)O)F,"This molecule contains an amide, an imidazole, a piperidine, and a pyrimidine functional groups, in which the imidazole may be the most influential for causing Hepatobiliary disorders.",44,154
CC1CC2CCC3C(=C)CC(O3)CCC45CC6C(O4)C7C(O6)C(O5)C8C(O7)CCC(O8)CC(=O)CC9C(CC(C1=C)O2)OC(C9OC)CC(CN)O,"This molecule contains alcohol, ether, ketone, and tertiary amine functional groups, in which ketone may be the most influential for causing Hepatobiliary disorders.",34,182
C(=N)(N)N,"This molecule contains an amine, azide, and imine functional groups, in which azide may be the most influential for causing Hepatobiliary disorders.",33,121
C[C@@H]1[C@@H]2[C@H](C(=O)N2C(=C1S[C@H]3CC[C@H](N3)C(=O)N(C)C)C(=O)O)[C@@H](C)O,"This molecule contains amide, ester, thioether, and tertiary amine functional groups, in which amide may be the most influential for causing Hepatobiliary disorders.",37,178
OP(=O)([O-])[O-].[K+].[K+],"This molecule contains an anionic phosphate group, a potassium cation, and an oxygen atom, in which the anionic phosphate group may be the most influential for causing Hepatobiliary disorders.",39,130
CC(C)C1=C(C(=CC=C1)C(C)C)OCOP(=O)([O-])[O-].[Na+].[Na+],"This molecule contains an aromatic ring, an ether, a phosphonate, and a vinyl group, in which the phosphonate may be the most influential for causing Hepatobiliary disorders.",39,149
C1=CC(=C(C=C1CC(C(=O)O)N)CO)OP(=O)(O)O,"This molecule contains a benzene ring, carboxylic acid, hydroxyl group, and phosphate group, in which the carboxylic acid may be the most influential for causing Hepatobiliary disorders.",44,143
COC(=O)[C@@H]1[C@H]2CCC(N2CCCF)C[C@@H]1C3=CC=C(C=C3)I,"This molecule contains an amide, an ether, an iodobenzene, and a piperidine ring, in which the amide may be the most influential for causing Hepatobiliary disorders.",41,151
CCC1=C(NC2=C1C(=O)C(CC2)CN3CCOCC3)C,"This molecule contains an amine, an ether, a ketone, and a piperidine ring, in which the ketone may be the most influential for causing Hepatobiliary disorders.",39,138
[Fe],"This molecule contains an iron center, and no distinct functional groups, in which the iron center may be the most influential for causing Hepatobiliary disorders.",31,116
[La],"This molecule contains a lanthanum cation, which may be the most influential for causing Hepatobiliary disorders.",24,116
[Sm],"This molecule contains a lanthanide metal center, and no other functional groups or significant subgraphs, in which the lanthanide metal center may be the most influential for causing Hepatobiliary disorders.",41,116
[Ag],"This molecule contains an argentum ion, which may be the most influential for causing Hepatobiliary disorders.",22,116
[Tc],"This molecule contains a metal center, in which the metal center may be the most influential for causing Hepatobiliary disorders.",25,117
CN(C)NN=C1C(=NC=N1)C(=O)N,"This molecule contains amide, amine, azide, and triazole functional groups, in which azide may be the most influential for causing Hepatobiliary disorders.",35,132
CC(C)(C(=O)O)OC1=CC=C(C=C1)C(=O)C2=CC=C(C=C2)Cl,"This molecule contains an aromatic ring, carboxylic acid ester, chlorobenzene, and ketone functional groups, in which the carboxylic acid ester may be the most influential for causing Hepatobiliary disorders.",49,147
CC1=C(C=C(C=C1)N2C(=O)C(=C(N2)C)N/N=C/3\C=CC=C(C3=O)C4=CC(=CC=C4)C(=O)O)C,"This molecule contains amide, aromatic rings, azo group, and ketone functional groups, in which azo group may be the most influential for causing Hepatobiliary disorders.",37,170
CCOC1=NC2=CC=CC(=C2N1CC3=CC=C(C=C3)C4=CC=CC=C4C5=NC(=O)ON5)C(=O)OCC6=C(OC(=O)O6)C,"This molecule contains ester, ether, ketone, and pyridone functional groups, in which ketone may be the most influential for causing Hepatobiliary disorders.",35,176
[Cr],"This molecule contains a single atom, and no functional groups, in which the absence of functional groups may be the most influential for causing Hepatobiliary disorders.",32,116
CCCNC(C)C(=O)NC1=C(SC=C1C)C(=O)OC.Cl,"This molecule contains amide, ether, thioether, and vinyl functional groups, in which amide may be the most influential for causing Hepatobiliary disorders.",34,137
[Cu],"This molecule contains a central metal atom, and no functional groups, as it is a single-element entity, in which the central metal atom may be the most influential for causing Hepatobiliary disorders.",40,116
[Gd],"This molecule contains gadolinium, which may be the most influential for causing Hepatobiliary disorders.",21,117
[Y],"This molecule contains an alcohol, an ether, a ketone, and a phenyl ring, in which the ketone may be the most influential for causing Hepatobiliary disorders.",37,116
[Zn],"This molecule contains a metal center, and no functional groups, in which the metal center may be the most influential for causing Hepatobiliary disorders.",30,117
C#CCNC1CCC2=CC=CC=C12,"This molecule contains an alkyne, an amine, an aromatic ring, and a cyclohexene functional groups, in which the aromatic ring may be the most influential for causing Hepatobiliary disorders.",43,126
CC(C)(C)NCC(=O)NC1=C(C2=C(CC3CC4C(C(=O)C(=C(C4(C(=O)C3=C2O)O)O)C(=O)N)N(C)C)C(=C1)N(C)C)O,"This molecule contains amide, aromatic ring, ester, and tertiary amine functional groups, in which amide may be the most influential for causing Hepatobiliary disorders.",36,185
C1=CC=C(C=C1)COC2=CC=C(C=C2)O,"This molecule contains an ether, phenol, two phenyl rings, and a vinyl group, in which the phenol may be the most influential for causing Hepatobiliary disorders.",37,133
CC(CN1C=NC2=C1N=CN=C2N)OCP(=O)(O)O,"This molecule contains an alkyl chain, an ether, a phosphate group, and a purine ring, in which the phosphate group may be the most influential for causing Hepatobiliary disorders.",39,139
CCC[C@]1(CC(=O)C(=C(O1)[O-])[C@H](CC)C2=CC(=CC=C2)[N-]S(=O)(=O)C3=NC=C(C=C3)C(F)(F)F)CCC4=CC=CC=C4.[Na+].[Na+],"This molecule contains an aromatic ring, ester, ether, and sulfonamide functional groups, in which the sulfonamide may be the most influential for causing Hepatobiliary disorders.",38,190
C1=CC2=C(C=C1C(=O)O)OC(=N2)C3=CC(=CC(=C3)Cl)Cl,"This molecule contains an amide, an ether, a phenol, and two chlorobenzene groups, in which the amide may be the most influential for causing Hepatobiliary disorders.",40,150
C1CNCCNCCCN(CCNC1)CC2=CC=C(C=C2)CN3CCCNCCNCCCNCC3.Cl.Cl.Cl.Cl.Cl.Cl.Cl.Cl,"This molecule contains amine, aromatic ring, chlorides, and piperazine functional groups, in which chlorides may be the most influential for causing Hepatobiliary disorders.",36,151
CC1=CN=C(C(=C1OC)C)CS(=O)C2=NC3=C([N-]2)C=CC(=C3)OC.CC1=CN=C(C(=C1OC)C)CS(=O)C2=NC3=C([N-]2)C=CC(=C3)OC.[Mg+2],"This molecule contains alkoxy, aryl halide, sulfone, and thioether functional groups, in which sulfone may be the most influential for causing Hepatobiliary disorders.",39,200
CCCCNC1=CC=C(C=C1)C(=O)OCCOCCOCCOCCOCCOCCOCCOCCOCCOC,"This molecule contains amine, aromatic ring, ester, and ether functional groups, in which ester may be the most influential for causing Hepatobiliary disorders.",34,148
S=[Se]=S,"This molecule contains disulfide, selenide, and thione functional groups, in which selenide may be the most influential for causing Hepatobiliary disorders.",35,118
C[C@@H]1C[C@H]2[C@@H]3C[C@@H](C4=CC(=O)C=C[C@@]4([C@]3([C@H](C[C@@]2([C@]1(C(=O)SCF)OC(=O)C5=CC=CO5)C)O)F)C)F,"This molecule contains an ester, a ketone, a thioether, and a vinyl group, in which the thioether may be the most influential for causing Hepatobiliary disorders.",40,199
C1NC2=CC(=C(C=C2S(=O)(=O)N1)S(=O)(=O)N)Cl.C1(=C(N=C(C(=N1)Cl)N)N)C(=O)N=C(N)N.Cl,"This molecule contains amide, chlorobenzene, sulfonamide, and triazole functional groups, in which sulfonamide may be the most influential for causing Hepatobiliary disorders.",39,177
CCC1CCC[C@@H](C(C(=O)C2=C[C@H]3[C@@H]4C[C@@H](C[C@H]4C=C[C@H]3[C@@H]2CC(=O)O1)O[C@H]5[C@@H]([C@@H]([C@H]([C@@H](O5)C)OC)OC)OC)C)O[C@H]6CCC([C@H](O6)C)N(C)C.CCC1CCC[C@@H](C(C(=O)C2=C[C@H]3[C@@H]4C[C@@H](C[C@H]4C(=C[C@H]3[C@@H]2CC(=O)O1)C)O[C@H]5[C@@H]([C@@H]([C@H]([C@@H](O5)C)OC)OC)OC)C)O[C@H]6CCC([C@H](O6)C)N(C)C,"This molecule contains carbamate, ester, ether, and ketone functional groups, in which carbamate may be the most influential for causing Hepatobiliary disorders.",34,350
CC[C@@H]1C=C(C[C@@H](C[C@@H]([C@@H]2[C@H](C[C@H]([C@@](O2)(C(=O)C(=O)N3CCCC[C@H]3C(=O)O[C@@H]([C@@H]([C@H](CC1=O)O)C)C(=C[C@@H]4CC[C@@H]([C@@H](C4)OC)Cl)C)O)C)OC)OC)C)C,"This molecule contains ester, ether, ketone, and tertiary amine functional groups, in which the ketone may be the most influential for causing Hepatobiliary disorders.",36,239
CC(C)CC1C(=O)NC(C(=O)NC(C(=O)NC(CSSCC(C(=O)NC(C(=O)NC(C(=O)N1)CC(=O)N)CO)N)C(=O)NC(C(C)C)C(=O)NC(CC(C)C)C(=O)NCC(=O)NC(CCCCN)C(=O)NC(CC(C)C)C(=O)NC(CO)C(=O)NC(CCC(=O)N)C(=O)NC(CCC(=O)O)C(=O)NC(CC(C)C)C(=O)NC(CC2=CN=CN2)C(=O)NC(CCCCN)C(=O)NC(CC(C)C)C(=O)NC(CCC(=O)N)C(=O)NC(C(C)O)C(=O)NC(CC3=CC=C(C=C3)O)C(=O)N4CCCC4C(=O)NC(CCCNC(=N)N)C(=O)NC(C(C)O)C(=O)NC(CC(=O)N)C(=O)NC(C(C)O)C(=O)NCC(=O)NC(CO)C(=O)NCC(=O)NC(C(C)O)C(=O)N5CCCC5C(=O)N)C(C)O)CO,"This molecule contains amide, ester, thioether, and triazole functional groups, in which amide may be the most influential for causing Hepatobiliary disorders.",36,457
CC(C)[C@@H](C(=O)NCC(=O)N[C@H](CCCCN)C(=O)N[C@H](CCCCN)C(=O)N[C@H](CCCNC(=N)N)C(=O)N[C@H](CCCNC(=N)N)C(=O)N1CCC[C@H]1C(=O)N[C@@H](C(C)C)C(=O)N[C@@H](CCCCN)C(=O)N[C@@H](C(C)C)C(=O)N[C@@H](CC2=CC=C(C=C2)O)C(=O)N3CCC[C@H]3C(=O)O)NC(=O)[C@@H]4CCCN4C(=O)[C@H](CCCCN)NC(=O)CNC(=O)[C@H](CC5=CNC6=CC=CC=C65)NC(=O)[C@H](CCCNC(=N)N)NC(=O)[C@H](CC7=CC=CC=C7)NC(=O)[C@H](CC8=CNC=N8)NC(=O)[C@H](CCC(=O)O)NC(=O)[C@H](CCSC)NC(=O)[C@H](CO)NC(=O)[C@H](CC9=CC=C(C=C9)O)NC(=O)C(CO)N,"This molecule contains amide, aromatic ring, guanidine, and thioether functional groups, in which amide may be the most influential for causing Hepatobiliary disorders.",37,457
C[C@@H]1[C@@H]2[C@H](C(=O)N2C(=C1S[C@H]3C[C@H](NC3)CNS(=O)(=O)N)C(=O)O)[C@@H](C)O,"This molecule contains amide, ether, sulfonamide, and thiazolidine functional groups, in which sulfonamide may be the most influential for causing Hepatobiliary disorders.",38,179
CCCCCCCCCC(=O)N[C@@H](CC1=CNC2=CC=CC=C21)C(=O)N[C@@H](CC(=O)N)C(=O)N[C@@H](CC(=O)O)C(=O)NC3C(OC(=O)[C@@H](NC(=O)[C@@H](NC(=O)[C@H](NC(=O)CNC(=O)[C@@H](NC(=O)[C@H](NC(=O)[C@@H](NC(=O)[C@@H](NC(=O)CNC3=O)CCCN)CC(=O)O)C)CC(=O)O)CO)C(C)CC(=O)O)CC(=O)C4=CC=CC=C4N)C,"This molecule contains amide, aromatic, ester, and indole functional groups, in which indole may be the most influential for causing Hepatobiliary disorders.",34,308
C[C@H]1[C@@H]([C@@](C[C@@H](O1)O[C@H]2[C@H]3C(=O)N[C@H](C4=CC(=CC(=C4C5=C(C=CC(=C5)[C@H](C(=O)N3)NC(=O)[C@H]6C7=CC(=C(C(=C7)OC8=C(C=C(C=C8)[C@H]([C@H](C(=O)N[C@H](C(=O)N6)CC(=O)N)NC(=O)[C@@H](CC(C)C)NC)O)Cl)O[C@H]9[C@@H]([C@H]([C@@H]([C@H](O9)CO)O)O)O[C@H]1C[C@]([C@H]([C@@H](O1)C)O)(C)NCC1=CC=C(C=C1)C1=CC=C(C=C1)Cl)OC1=C(C=C2C=C1)Cl)O)O)O)C(=O)O)(C)N)O,"This molecule contains amide, ester, ether, and phenyl functional groups, in which amide may be the most influential for causing Hepatobiliary disorders.",34,390
C1CN2C(=CC=C2C(=O)C3=CC=CC=C3)C1C(=O)O.C(C(CO)(CO)N)O,"This molecule contains amide, aromatic ring, ester, and secondary alcohol functional groups, in which amide may be the most influential for causing Hepatobiliary disorders.",35,155
CC1=C(C(=CC=C1)C)NC(=O)CN2CCN(CC2)CC(COC3=CC=CC=C3OC)O,"This molecule contains an amide, an ether, a phenyl, and a tertiary amine functional groups, in which the amide may be the most influential for causing Hepatobiliary disorders.",40,150
CC(C)CC(C(=O)NC(C(C)C)C(=O)O)NC(=O)CNC(=O)C(CCC(=O)N)NC(=O)C(CC(C)C)NC(=O)C(CC(C)C)NC(=O)C(CCCNC(=N)N)NC(=O)C(CCC(=O)N)NC(=O)C(CC(C)C)NC(=O)C(CCCNC(=N)N)NC(=O)C(C)NC(=O)C(CO)NC(=O)C(CC(=O)O)NC(=O)C(CCCNC(=N)N)NC(=O)C(CC(C)C)NC(=O)C(CCCNC(=N)N)NC(=O)C(CO)NC(=O)C(CC(C)C)NC(=O)C(CCC(=O)O)NC(=O)C(CO)NC(=O)C(C(C)O)NC(=O)C(CC1=CC=CC=C1)NC(=O)C(C(C)O)NC(=O)CNC(=O)C(CC(=O)O)NC(=O)C(CO)NC(=O)C(CC2=NC=CN2)N,"This molecule contains amide, aromatic ring, guanidine, and hydroxyl functional groups, in which amide may be the most influential for causing Hepatobiliary disorders.",37,426
CCCCCCCCCCC(=O)O[C@H]1CC[C@@H]2[C@@]1(CC[C@H]3[C@H]2CCC4=CC(=O)CC[C@]34C)C,"This molecule contains a carboxylic ester group, cyclohexane rings, a ketone group, and a phenyl ring, in which the carboxylic ester group may be the most influential for causing Hepatobiliary disorders.",52,163
CC[C@H](C)[C@H]1C(=O)N[C@H]2CSSC[C@@H](C(=O)N[C@@H](CSSC[C@@H](C(=O)NCC(=O)N[C@H](C(=O)N[C@H](C(=O)N[C@H](C(=O)N[C@H](C(=O)N[C@H](C(=O)N[C@H](C(=O)N[C@H](C(=O)N[C@H](C(=O)N[C@H](C(=O)N[C@H](C(=O)N[C@@H](CSSC[C@H](NC(=O)[C@@H](NC(=O)[C@@H](NC(=O)[C@@H](NC(=O)[C@@H](NC(=O)[C@@H](NC(=O)[C@@H](NC(=O)[C@@H](NC(=O)[C@@H](NC2=O)CO)CC(C)C)CC3=CC=C(C=C3)O)CCC(=O)N)CC(C)C)CCC(=O)O)CC(=O)N)CC4=CC=C(C=C4)O)C(=O)N[C@@H](CC(=O)N)C(=O)O)C(=O)NCC(=O)N[C@@H](CCC(=O)O)C(=O)N[C@@H](CCCNC(=N)N)C(=O)NCC(=O)N[C@@H](CC5=CC=CC=C5)C(=O)N[C@@H](CC6=CC=CC=C6)C(=O)N[C@@H](CC7=CC=C(C=C7)O)C(=O)N[C@@H]([C@@H](C)O)C(=O)N8CCC[C@H]8C(=O)N[C@@H](CCCCN)C(=O)N[C@@H]([C@@H](C)O)C(=O)O)C(C)C)CC(C)C)CC9=CC=C(C=C9)O)CC(C)C)C)CCC(=O)O)C(C)C)CC(C)C)CC2=CN=CN2)CO)NC(=O)[C@H](CC(C)C)NC(=O)[C@H](CC2=CN=CN2)NC(=O)[C@H](CCC(=O)N)NC(=O)[C@H](CC(=O)N)NC(=O)[C@H](C(C)C)NC(=O)[C@H](CC2=CC=CC=C2)N)C(=O)N[C@H](C(=O)N[C@H](C(=O)N1)CO)[C@@H](C)O)NC(=O)[C@H](CCC(=O)N)NC(=O)[C@H](CCC(=O)O)NC(=O)[C@H](C(C)C)NC(=O)[C@H]([C@@H](C)CC)NC(=O)CN,"This molecule contains amide, disulfide, ester, and thiazolidine functional groups, in which disulfide may be the most influential for causing Hepatobiliary disorders.",39,873
CC1=CN(C(=O)NC1=O)[C@H]2C[C@@H]([C@H](O2)COP(=O)([O-])S[C@H]3C[C@@H](O[C@@H]3COP(=O)([O-])S[C@H]4C[C@@H](O[C@@H]4COP(=O)([O-])S[C@H]5C[C@@H](O[C@@H]5COP(=O)([O-])S[C@H]6C[C@@H](O[C@@H]6COP(=O)([O-])S[C@H]7C[C@@H](O[C@@H]7COP(=O)([O-])S[C@H]8C[C@@H](O[C@@H]8COP(=O)([O-])S[C@H]9C[C@@H](O[C@@H]9COP(=O)([O-])S[C@@H]1[C@H](O[C@H]([C@@H]1OCCOC)N1C=C(C(=NC1=O)N)C)COP(=O)([O-])S[C@@H]1[C@H](O[C@H]([C@@H]1OCCOC)N1C=C(C(=O)NC1=O)C)COP(=O)([O-])S[C@@H]1[C@H](O[C@H]([C@@H]1OCCOC)N1C=C(C(=NC1=O)N)C)COP(=O)([O-])S[C@@H]1[C@H](O[C@H]([C@@H]1OCCOC)N1C=C(C(=NC1=O)N)C)COP(=O)([O-])S[C@@H]1[C@H](O[C@H]([C@@H]1OCCOC)N1C=NC2=C1N=C(NC2=O)N)CO)N1C=NC2=C1N=CN=C2N)N1C=NC2=C1N=C(NC2=O)N)N1C=C(C(=O)NC1=O)C)N1C=C(C(=NC1=O)N)C)N1C=C(C(=O)NC1=O)C)N1C=NC2=C1N=C(NC2=O)N)N1C=C(C(=NC1=O)N)C)SP(=O)([O-])OC[C@@H]1[C@H](C[C@@H](O1)N1C=C(C(=O)NC1=O)C)SP(=O)([O-])OC[C@@H]1[C@H](C[C@@H](O1)N1C=C(C(=NC1=O)N)C)SP(=O)([O-])OC[C@@H]1[C@H]([C@H]([C@@H](O1)N1C=NC2=C1N=C(NC2=O)N)OCCOC)SP(=O)([O-])OC[C@H]1[C@@H]([C@@H]([C@H](O1)N1C=C(C(=NC1=O)N)C)OCCOC)SP(=O)([O-])OC[C@H]1[C@@H]([C@@H]([C@H](O1)N1C=NC2=C1N=CN=C2N)OCCOC)SP(=O)([O-])OC[C@H]1[C@@H]([C@@H]([C@H](O1)N1C=C(C(=NC1=O)N)C)OCCOC)SP(=O)([O-])OC[C@H]1[C@@H]([C@@H]([C@H](O1)N1C=C(C(=NC1=O)N)C)OCCOC)O.[Na+].[Na+].[Na+].[Na+].[Na+].[Na+].[Na+].[Na+].[Na+].[Na+].[Na+].[Na+].[Na+].[Na+].[Na+].[Na+].[Na+].[Na+].[Na+],"This molecule contains cytosine, phosphate, ribose, and thioether functional groups, in which phosphate may be the most influential for causing Hepatobiliary disorders.",35,1113
CCC(C)C(C(=O)NC(CCC(=O)N)C(=O)NC(CC(C)C)C(=O)NC(CCSC)C(=O)NC(CC1=CNC=N1)C(=O)NC(CC(=O)N)C(=O)NC(CC(C)C)C(=O)NCC(=O)NC(CCCCN)C(=O)NC(CC2=CNC=N2)C(=O)NC(CC(C)C)C(=O)NC(CC(=O)N)C(=O)NC(CO)C(=O)NC(CCSC)C(=O)NC(CCC(=O)O)C(=O)NC(CCCNC(=N)N)C(=O)NC(C(C)C)C(=O)NC(CCC(=O)O)C(=O)NC(CC3=CNC4=CC=CC=C43)C(=O)NC(CC(C)C)C(=O)NC(CCCNC(=N)N)C(=O)NC(CCCCN)C(=O)NC(CCCCN)C(=O)NC(CC(C)C)C(=O)NC(CCC(=O)N)C(=O)NC(CC(=O)O)C(=O)NC(C(C)C)C(=O)NC(CC5=CNC=N5)C(=O)NC(CC(=O)N)C(=O)NC(CC6=CC=CC=C6)C(=O)O)NC(=O)C(CCC(=O)O)NC(=O)C(CO)NC(=O)C(C(C)C)NC(=O)C(CO)N,"This molecule contains amide, aromatic, thioether, and urea functional groups, in which amide may be the most influential for causing Hepatobiliary disorders.",35,518
CC1C(=O)NC(C(=O)NC2CSSCC3C(=O)NC(C(=O)NC(C(=O)NCC(=O)NC(C(=O)NC(CSSCC(C(=O)NC(CSSCC(C(=O)NC(C(=O)NCC(=O)NC(C(=O)NCC(=O)N1)CCCCN)CCCCN)N)C(=O)NC(C(=O)NCC(=O)NC(C(=O)N3)CO)C(C)O)NC(=O)C(NC(=O)C(NC(=O)C(NC(=O)C(NC(=O)C(NC(=O)C(NC2=O)CO)CCCNC(=N)N)CC(C)C)CCSC)CC4=CC=C(C=C4)O)CC(=O)O)C(=O)N)CCCCN)CO)CCCNC(=N)N)CCCCN,"This molecule contains amide, carboxylic acid, disulfide, and thioether functional groups, in which disulfide may be the most influential for causing Hepatobiliary disorders.",41,351
CCC(=O)NC[C@@H]1C[C@@H]1C2=C3CCOC3=CC=C2,"This molecule contains an amide, cyclopropane, ketone, and phenyl functional groups, in which the amide may be the most influential for causing Hepatobiliary disorders.",39,141
CCCCCCCCCC(=O)N[C@@H]1[C@H]([C@@H]([C@H](O[C@H]1OC2=C3C=C4C=C2OC5=C(C=C(C=C5)[C@H]([C@H]6C(=O)N[C@H](C7=CC(=CC(=C7C8=C(C=CC(=C8)[C@H](C(=O)N6)NC(=O)[C@@H]4NC(=O)[C@@H]9C1=CC(=CC(=C1)O)OC1=C(C=CC(=C1)[C@@H](C(=O)N[C@H](CC1=CC(=C(O3)C=C1)Cl)C(=O)N9)N)O)O)O[C@@H]1[C@H]([C@H]([C@@H]([C@H](O1)CO)O)O)O)O)C(=O)O)O[C@H]1[C@@H]([C@H]([C@@H]([C@H](O1)CO)O)O)NC(=O)C)Cl)CO)O)O,"This molecule contains amide, chlorobenzene, ether, and lactone functional groups, in which chlorobenzene may be the most influential for causing Hepatobiliary disorders.",38,402
CC[C@H](C)[C@H]1C(=O)N[C@H](C(=O)NCC(=O)N[C@H](C(=O)N[C@H](C(=O)NCC(=O)N[C@H](C(=O)N[C@H](C(=O)N[C@H](C(=O)N[C@H](C(=O)N[C@@H](CSSC[C@H]2C(=O)NCC(=O)N[C@H](C(=O)NCC(=O)N[C@H](C(=O)N[C@H](C(=O)N[C@@H](CSSC[C@@H](C(=O)N[C@H](C(=O)NCC(=O)N[C@H](C(=O)N[C@H](C(=O)N[C@H](C(=O)N2)C(C)C)CC(=O)N)CO)CCC(=O)O)NC(=O)[C@H](CC(C)C)NC(=O)[C@@H]3CSSC[C@@H](C(=O)N[C@H](C(=O)N[C@H](C(=O)N[C@H](C(=O)NCC(=O)N[C@H](C(=O)N[C@H](C(=O)N[C@H](C(=O)N3)CC(C)C)CC(=O)N)CCC(=O)N)CO)CCC(=O)O)[C@@H](C)O)NC(=O)[C@H](CC(=O)O)NC(=O)[C@H]([C@@H](C)O)NC(=O)[C@H](CC4=CC=C(C=C4)O)NC(=O)[C@H](C(C)C)NC(=O)[C@H](C(C)C)N)C(=O)N1)CCCCN)CC(=O)N)CCC(=O)N)C(=O)N[C@@H](C(C)C)C(=O)N[C@@H]([C@@H](C)O)C(=O)NCC(=O)N[C@@H](CCC(=O)O)C(=O)NCC(=O)N[C@@H]([C@@H](C)O)C(=O)N5CCC[C@H]5C(=O)N[C@@H](CCCCN)C(=O)N6CCC[C@H]6C(=O)N[C@@H](CCC(=O)N)C(=O)N[C@@H](CO)C(=O)N[C@@H](CC7=CN=CN7)C(=O)N[C@@H](CC(=O)N)C(=O)N[C@@H](CC(=O)O)C(=O)NCC(=O)N[C@@H](CC(=O)O)C(=O)N[C@@H](CC8=CC=CC=C8)C(=O)N[C@@H](CCC(=O)O)C(=O)N[C@@H](CCC(=O)O)C(=O)N[C@@H]([C@@H](C)CC)C(=O)N9CCC[C@H]9C(=O)N[C@@H](CCC(=O)O)C(=O)N[C@@H](CCC(=O)O)C(=O)N[C@@H](CC1=CC=C(C=C1)O)C(=O)N[C@@H](CC(C)C)C(=O)N[C@@H](CCC(=O)N)C(=O)O)CCC(=O)N)CC(=O)N)CCCCN)CCC(=O)O)CC(=O)O)CO)CC(C)C,"This molecule contains amide, disulfide, ester, and thiazolidine functional groups, in which disulfide may be the most influential for causing Hepatobiliary disorders.",39,1047
CC[C@H](C)[C@@H](C(=O)N1CCC[C@H]1C(=O)N[C@@H](CCC(=O)O)C(=O)N[C@@H](CCC(=O)O)C(=O)N[C@@H](CC2=CC=C(C=C2)O)C(=O)N[C@@H](CC(C)C)C(=O)O)NC(=O)[C@H](CCC(=O)O)NC(=O)[C@H](CCC(=O)O)NC(=O)[C@H](CC3=CC=CC=C3)NC(=O)[C@H](CC(=O)O)NC(=O)CNC(=O)[C@H](CC(=O)N)NC(=O)CNC(=O)CNC(=O)CNC(=O)CNC(=O)[C@@H]4CCCN4C(=O)[C@H](CCCNC(=N)N)NC(=O)[C@@H]5CCCN5C(=O)[C@@H](CC6=CC=CC=C6)N,"This molecule contains amide, aromatic ring, ester, and hydroxyl functional groups, in which amide may be the most influential for causing Hepatobiliary disorders.",36,388
CC1=CN(C(=O)C=C1)C2=CC=CC=C2,"This molecule contains an aromatic ring, a ketone, a vinyl group, and a pyridine ring, in which the ketone may be the most influential for causing Hepatobiliary disorders.",40,134
CN1/C(=C(/NC2=CC=CC=N2)\[O-])/C(=O)C3=CC=CC=C3S1(=O)=O.[Na+],"This molecule contains a benzene ring, cyano group, sodium cation, and thiazole ring, in which the cyano group may be the most influential for causing Hepatobiliary disorders.",41,156
CC1CC2C3CCC(C3(CC(C2C4(C1=CC(=O)CC4)C)O)C)C(=O)C,"This molecule contains cyclohexane rings, ketone groups, secondary hydroxyl groups, and tertiary carbon centers, in which ketone groups may be the most influential for causing Hepatobiliary disorders.",42,150
C[C@@H](C(=O)N1[C@H]2CCC[C@H]2C[C@H]1C(=O)O)N[C@@H](CCC3=CC=CC=C3)C(=O)O,"This molecule contains amide, aromatic ring, carboxylic acid, and cyclohexane functional groups, in which the aromatic ring may be the most influential for causing Hepatobiliary disorders.",41,169
CC(=O)C[C@@H](C1=CC=C(C=C1)[N+](=O)[O-])C2=C(OC3=CC=CC=C3C2=O)[O-],"This molecule contains a benzene ring, a ketone, an ether, and a nitro group, in which the nitro group may be the most influential for causing Hepatobiliary disorders.",40,161
CC1=CC(=CC(=C1NC2=NC(=NC=C2)NC3=CC=C(C=C3)C#N)C)C=CC#N,"This molecule contains an amine, an aromatic ring, a nitrile, and a triazole functional group, in which the nitrile may be the most influential for causing Hepatobiliary disorders.",42,154
C(P(=O)(O)O)P(=O)(O)O,"This molecule contains an alkyl group, two phosphonic acid groups, and a phosphoric acid group, in which the phosphonic acid groups may be the most influential for causing Hepatobiliary disorders.",41,131
C1COCC2=C1N=CC3=N/C(=C\4/C=CON4)/N=C23.OP(=O)(O)O,"This molecule contains an azole, an ester, a phosphate group, and a pyrrole ring, in which the phosphate group may be the most influential for causing Hepatobiliary disorders.",40,147
CCC(C)C1C(=O)NC(C(=O)NC(C(=O)NC(C(=O)NC(C(=O)NCCCCC(C(=O)NC(C(=O)N1)CCCN)NC(=O)C(C(C)CC)NC(=O)C(CCC(=O)O)NC(=O)C(CC(C)C)NC(=O)C2CSC(=N2)C(C(C)CC)N)CC(=O)N)CC(=O)O)CC3=CN=CN3)CC4=CC=CC=C4,"This molecule contains amide, aromatic ring, thiazolidine, and urea functional groups, in which amide may be the most influential for causing Hepatobiliary disorders.",37,255
CCOC1=C(C=CC(=C1)[C@H](CS(=O)(=O)C)N2C(=O)C3=C(C2=O)C(=CC=C3)NC(=O)C)OC,"This molecule contains an ether, ester, sulfonamide, and urea functional groups, in which the sulfonamide may be the most influential for causing Hepatobiliary disorders.",38,169
CNC1=CC=C(C=C1)/C=C/C2=CC=C(C=C2)OCCOCCOCC[18F],"This molecule contains an aromatic ring, an ether, a fluorine substituent, and an olefin, in which the fluorine substituent may be the most influential for causing Hepatobiliary disorders.",41,143
CN(C1=C(N=C(N=C1N)C2=NN(C3=C2C=CC=N3)CC4=CC=CC=C4F)N)C(=O)OC,"This molecule contains amide, aromatic rings, ether, and triazole functional groups, in which amide may be the most influential for causing Hepatobiliary disorders.",34,156
CC1C(C(C(C(O1)CO)OC2C(C(C(C(O2)COC3C(C(C(C(O3)CO)OC)O)O)OC4C(C(C(C(O4)CO)OC)O)OCCO)O)O)O)O,"This molecule contains acetal, ether, hydroxyl, and pyranose functional groups, in which acetal may be the most influential for causing Hepatobiliary disorders.",36,177
CCCC1=NC(=C(N1CC2=CC=C(C=C2)C3=CC=CC=C3C4=NNN=N4)C(=O)OCC5=C(OC(=O)O5)C)C(C)(C)O,"This molecule contains an ester, a ketone, a tetrazole, and a triazole functional group, in which the tetrazole may be the most influential for causing Hepatobiliary disorders.",42,174
C1CN(CCN(CCN(CCN1CC(=O)[O-])CC(=O)[O-])[C@H](CO)[C@@H](CO)O)CC(=O)[O-].[Gd+3],"This molecule contains amine, carboxylate, ether, and macrocyclic ligand functional groups, in which macrocyclic ligand may be the most influential for causing Hepatobiliary disorders.",42,166
CC1=C(C2=CC3=NC(=CC4=NC(=CC5=C(C(=C(N5)C=C1N2)C(C)OC(C)C6=C(C7=CC8=C(C(=C(N8)C=C9C(=C(C(=N9)C=C1C(=C(C(=N1)C=C6N7)C)CCC(=O)O)CCC(=O)O)C)C)C(C)O)C)C)C(=C4CCC(=O)O)C)C(=C3C)CCC(=O)O)C(C)O,"This molecule contains amide, ether, keto, and pyridine functional groups, in which keto may be the most influential for causing Hepatobiliary disorders.",33,262
C[NH+](C)[C@H]1[C@@H]2C[C@@H]3[C@@H](C4=C(C=CC(=C4C(=C3C(=O)[C@@]2(C(=O)C(=C(N)[O-])C1=O)O)O)O)Cl)O,"This molecule contains a chlorophenol, a lactam, a quaternary ammonium, and a tertiary alcohol functional groups, in which the quaternary ammonium may be the most influential for causing Hepatobiliary disorders.",48,192
C[C@@H](C(=O)O)N.C1=CC(=CC=C1C[C@@H](C(=O)O)N)O.C(CCN)C[C@@H](C(=O)O)N.C(CC(=O)O)[C@@H](C(=O)O)N,"This molecule contains amide, aromatic ring, carboxylic acid, and phenol functional groups, in which the aromatic ring may be the most influential for causing Hepatobiliary disorders.",39,187
CCCC1CC(N(C1)C)C(=O)NC(C2C(C(C(C(O2)SC)OP(=O)(O)O)O)O)C(C)Cl,"This molecule contains an amide, an ether, a phosphate ester, and a thioether functional groups, in which the phosphate ester may be the most influential for causing Hepatobiliary disorders.",42,157
[O-]S(=O)(=O)[O-].[Ba+2],"This molecule contains a barium cation, a sulfate anion, and two oxygen atoms with a negative charge, in which the sulfate anion may be the most influential for causing Hepatobiliary disorders.",42,132
C1(=C(N=C(C(=N1)Cl)N)N)C(=O)N=C(N)N.Cl,"This molecule contains amide, azide, chloride, and triazole functional groups, in which azide may be the most influential for causing Hepatobiliary disorders.",34,143
[O-]S(=O)(=O)[O-].[Zn+2],"This molecule contains a metal cation, sulfate anion, and zinc cation functional groups, in which the sulfate anion may be the most influential for causing Hepatobiliary disorders.",38,133
C1=CC(=CC=C1CCCC(=O)O)N(CCCl)CCCl,"This molecule contains an amine, an aromatic ring, a carboxylic acid, and two chloroalkyl side chains, in which the chloroalkyl side chains may be the most influential for causing Hepatobiliary disorders.",49,136
CC12CCC3C(C1CC(C2O)O)CCC4=C3C=CC(=C4)O,"This molecule contains an alcohol group, a cyclohexane ring, an ether group, and a phenol ring, in which the alcohol group may be the most influential for causing Hepatobiliary disorders.",42,140
C[C@H]1CN(CC[C@@]1(C)C2=CC(=CC=C2)O)C[C@H](CC3=CC=CC=C3)C(=O)NCC(=O)O.O.O,"This molecule contains an amide, an ether, a phenol, and a tertiary amine functional groups, in which the amide may be the most influential for causing Hepatobiliary disorders.",40,167
CC[C@@H]1[C@@]2([C@@H]([C@@H](C(=O)[C@@H](C[C@@]([C@@H]([C@H](C(=O)[C@H](C(=O)O1)C)C)O[C@H]3[C@@H]([C@H](C[C@H](O3)C)N(C)C)O)(C)OC)C)C)N(C(=O)O2)CCCCN4C=C(N=C4)C5=CN=CC=C5)C,"This molecule contains amide, ester, ether, and ketone functional groups, in which amide may be the most influential for causing Hepatobiliary disorders.",34,245
CCOC1=CC=C(C=C1)CC2=C(C=CC(=C2)[C@H]3[C@@H]([C@H]([C@@H]([C@H](O3)CO)O)O)O)Cl,"This molecule contains an ether, a phenyl ring, a chlorophenyl ring, and a pyranose ring, in which the pyranose ring may be the most influential for causing Hepatobiliary disorders.",45,170
C1CN(CCC1N2C3=CC=CC=C3NC2=O)CCCC(C4=CC=C(C=C4)F)C5=CC=C(C=C5)F,"This molecule contains an amide, an aromatic ring, an ether, and a secondary amine functional groups, in which the amide may be the most influential for causing Hepatobiliary disorders.",40,156
CCC(=O)C(CC(C)N(C)C)(C1=CC=CC=C1)C2=CC=CC=C2,"This molecule contains an amine, an aromatic ring, a ketone, and a tertiary carbon, in which the ketone may be the most influential for causing Hepatobiliary disorders.",38,144
